0	425
0	67
0	35
0	308
1	240
1	2
1	3
1	100
1	261
1	359
1	425
1	74
1	364
1	2028
1	174
1	175
1	16
1	17
1	115
1	366
1	76
1	1497
1	2524
1	285
2	3
2	5
2	6
2	8
2	267
2	659
2	20
2	366
2	601
2	25
2	2341
2	39
2	425
2	1965
2	2102
2	1339
2	2109
2	74
2	76
2	468
2	2261
2	1497
2	100
2	2277
2	362
2	2028
2	238
2	2292
2	380
3	8
3	16
3	1938
3	531
3	1518
3	285
3	30
3	35
3	2340
3	39
3	1368
3	1497
3	220
3	100
3	101
3	359
3	508
3	238
3	380
3	1941
4	313
4	851
4	92
4	163
5	32
5	35
5	326
5	70
5	7
5	8
5	43
5	364
5	15
5	72
5	20
5	21
5	56
5	2292
5	1583
5	63
6	228
6	326
6	262
6	39
6	486
6	1965
6	467
6	49
6	370
6	659
6	468
6	2261
6	377
6	2010
6	1275
7	32
7	356
7	262
7	268
7	23
7	25
7	186
7	412
8	43
8	20
8	2292
8	411
8	158
9	1634
9	1479
9	1864
9	44
9	267
9	12
9	13
9	2383
9	40
9	594
9	361
9	377
9	29
10	1962
10	11
10	356
11	187
11	356
11	1962
12	594
12	2383
12	13
12	2365
13	2383
13	594
13	2102
13	509
13	2365
14	2102
14	678
14	71
15	833
15	70
15	359
15	72
15	44
15	1583
15	21
15	56
15	985
15	186
15	63
16	359
16	267
16	76
16	238
16	17
16	481
16	340
16	30
16	63
17	115
17	71
17	2025
17	2026
17	359
17	364
17	366
17	481
17	342
17	29
18	19
20	297
20	1643
20	76
20	1517
20	1518
20	49
20	2292
20	27
20	28
21	224
21	64
21	283
21	70
21	72
21	1583
21	69
21	63
23	32
23	2064
23	240
23	308
23	25
23	254
24	513
24	389
24	25
24	409
24	26
24	2715
24	410
24	35
24	43
24	308
24	326
24	327
24	2380
24	467
24	468
24	91
24	92
24	2017
24	358
24	2023
24	1263
24	370
24	373
24	375
25	32
25	513
25	91
25	1861
25	2023
25	1938
25	2547
25	308
25	373
25	2625
25	26
25	507
26	358
26	297
26	468
26	1901
26	370
26	467
26	308
26	409
26	91
27	97
27	1518
27	370
27	2547
27	1368
27	1275
27	28
28	76
28	74
29	481
29	1634
29	44
29	337
30	37
30	238
30	245
31	356
32	362
32	365
34	1946
34	474
35	326
35	39
35	72
35	425
35	2570
35	43
35	76
35	2344
35	67
35	468
35	373
35	364
35	1721
35	1275
35	1086
36	384
36	155
36	37
36	38
36	519
36	424
36	106
36	971
36	111
36	187
36	381
36	1950
36	543
37	384
37	2019
37	38
37	782
37	1458
37	238
37	507
38	384
38	424
38	106
38	54
38	381
38	1950
39	424
39	74
39	1965
39	338
39	659
39	85
39	377
39	2010
39	2261
40	971
40	377
40	1513
40	351
41	402
41	403
41	2158
42	260
43	468
43	373
44	1634
44	75
44	1580
44	45
44	48
44	418
44	1652
44	725
44	1687
44	1500
45	1580
45	1652
46	1168
46	1769
46	1410
46	1909
46	1194
47	70
48	49
48	75
48	1687
49	144
49	227
49	228
49	71
49	169
49	74
49	135
49	77
49	372
49	489
49	50
49	501
49	1529
49	132
49	538
49	1692
49	1546
50	227
50	1580
50	169
53	378
53	915
53	78
54	368
54	1895
55	56
55	1947
55	382
56	1947
56	1967
56	105
56	1963
56	1492
56	91
56	381
57	328
57	353
57	538
58	868
60	81
60	413
61	2095
61	375
61	76
61	351
63	64
63	224
63	75
63	70
63	71
63	72
63	266
63	2379
63	340
63	283
63	1583
63	69
64	224
64	65
64	197
64	69
64	72
64	75
64	2028
64	283
65	197
65	486
65	76
65	2028
65	389
66	338
66	507
67	68
67	326
67	425
67	76
67	373
67	375
68	373
69	256
69	163
69	72
69	224
69	283
70	72
70	684
70	1583
70	1690
71	898
71	342
71	869
71	264
71	235
71	364
71	722
71	1750
71	471
71	1851
71	733
72	224
72	868
72	1639
72	73
72	657
72	274
72	600
72	283
72	602
72	1583
73	170
73	1981
74	2693
74	471
74	489
74	75
74	76
74	2028
74	366
74	2199
74	2330
74	1533
74	1564
75	76
75	2355
75	220
75	351
75	1500
76	197
76	2028
76	1518
76	2547
76	359
76	366
76	374
76	375
76	267
76	1086
77	2311
77	230
77	169
79	209
79	207
80	1536
80	2074
80	1589
80	111
81	355
81	366
81	369
81	114
81	371
81	142
82	2337
82	849
85	2343
85	2340
85	101
85	2023
85	424
85	2031
85	2335
85	370
85	409
85	377
85	1562
85	1583
85	92
85	2692
85	231
86	1028
86	1183
87	1016
87	1054
88	624
88	939
89	1482
90	1039
91	2023
91	115
91	409
92	2466
92	197
92	1641
92	2188
92	1454
92	2031
92	409
92	2173
92	286
93	1762
93	516
93	94
93	1366
93	670
94	1137
94	1762
94	948
95	824
95	1074
95	1250
95	1138
95	1245
96	351
97	1331
97	98
97	1846
98	1369
98	106
98	1762
100	425
100	375
100	1497
100	285
101	2340
101	2343
101	2023
101	1938
101	1077
101	1562
101	2335
101	380
101	285
102	115
103	970
103	986
103	958
103	622
105	516
105	326
105	422
105	298
105	564
105	2148
105	379
105	381
106	544
106	163
106	1557
106	954
109	1123
109	562
109	1759
109	2674
109	1223
111	249
111	1589
111	113
114	369
115	261
115	2081
115	363
115	366
115	175
115	371
115	174
115	2102
115	2524
118	1162
120	484
120	485
121	296
121	122
121	1077
121	1175
122	296
123	296
123	387
123	301
124	1004
124	2035
124	548
125	127
126	127
127	1004
127	464
127	695
127	537
131	1493
132	135
132	169
132	1642
132	144
132	501
132	1558
132	1529
132	1692
132	1546
134	162
134	135
134	1320
134	1546
134	144
134	595
135	1648
135	1320
135	169
135	1546
135	144
135	338
135	501
135	1529
135	347
135	1692
136	580
137	1650
137	1651
139	1555
139	1108
139	365
140	832
141	1156
141	431
144	1320
144	169
144	1546
144	338
144	595
144	501
144	1368
144	1529
144	1692
147	465
149	653
151	2213
152	808
152	1793
152	1864
155	187
161	185
161	2110
162	1320
162	1647
163	389
164	514
164	174
165	248
169	227
169	550
169	1546
169	2311
169	1580
169	501
169	1529
169	538
169	1692
174	514
174	261
174	782
174	175
174	366
174	2524
174	1717
175	782
175	261
175	514
175	366
175	2524
177	722
177	1475
177	266
178	2209
178	994
178	1255
178	1159
178	915
178	790
178	1213
180	181
185	2110
186	262
186	359
186	268
186	412
187	519
188	360
188	464
188	1239
190	307
190	698
190	1435
190	372
190	2078
194	507
197	389
197	1511
197	2028
197	939
197	1454
197	721
197	212
197	341
197	374
197	286
197	213
198	244
207	209
207	2074
210	465
212	213
213	1153
217	571
219	291
219	374
220	509
220	2450
220	1213
224	283
225	519
225	1513
225	1514
225	543
225	231
227	228
229	1512
229	1532
230	1546
230	1580
231	2340
231	2014
231	543
234	235
234	1478
235	313
235	281
236	297
236	746
236	1517
236	1901
236	415
238	1601
238	362
238	267
238	659
238	2102
238	474
238	507
238	2019
239	313
240	265
240	267
240	364
240	366
240	1873
240	308
240	1822
240	254
240	414
242	256
243	422
245	341
248	342
250	1004
250	422
254	2044
254	308
257	489
257	538
257	684
258	353
258	538
258	343
260	1643
261	366
261	2524
262	357
262	326
262	486
262	268
262	467
262	370
262	2236
262	468
262	2380
262	412
262	1541
264	415
264	564
264	869
266	586
266	1475
267	362
267	578
267	2102
267	361
267	568
268	2241
268	867
268	2692
268	360
268	412
268	1941
268	379
268	380
268	277
270	1045
270	1046
271	1561
272	960
272	962
272	1191
272	905
272	276
272	532
272	1018
272	476
272	767
273	1027
273	1188
273	1125
274	722
274	783
275	2450
275	323
276	960
276	962
276	1191
276	532
276	1622
276	1018
276	476
277	1009
277	1946
280	561
281	1969
281	414
285	380
285	1938
285	1941
285	1497
285	508
286	2260
286	939
286	1454
289	291
290	2520
291	2392
291	2492
291	374
293	1343
294	1366
295	296
295	297
295	1517
295	1263
295	2253
295	1173
295	313
295	2492
296	301
297	1517
297	1901
298	2148
298	516
301	387
302	419
302	364
304	2473
304	407
304	305
305	1641
305	407
306	641
306	1394
306	2055
307	362
310	1691
310	684
310	311
311	1691
311	684
312	1632
312	1668
312	326
312	334
312	534
312	313
313	1632
313	2218
313	1484
313	685
313	334
313	1454
313	1559
313	1946
313	1517
313	1613
314	1670
315	1193
316	325
317	318
318	2377
321	1905
321	580
321	1142
321	1177
322	362
322	1639
323	562
323	324
324	562
326	2692
326	2715
326	389
326	327
326	2380
326	467
326	468
326	486
326	364
326	370
326	375
326	379
326	380
326	382
327	389
327	2380
327	375
327	2715
329	383
330	421
331	1162
331	1168
331	1238
331	440
331	1194
331	607
333	1770
334	1454
335	336
336	937
336	938
336	530
336	1011
336	948
336	1071
337	481
337	338
338	1584
338	1546
338	1518
338	1368
338	1648
338	347
341	650
341	765
341	422
342	364
343	353
343	364
343	538
344	1953
344	346
344	345
345	1953
345	346
346	1953
347	1648
347	1649
347	348
349	907
349	1175
351	961
351	354
351	939
351	1454
351	1583
351	352
351	2355
351	2010
352	354
353	537
353	538
354	961
355	371
355	366
355	369
357	370
357	468
358	370
358	467
358	468
358	409
361	568
361	1475
362	758
362	2102
362	371
363	364
364	2025
364	2026
364	419
364	366
364	1374
366	2028
366	371
366	2524
367	368
367	550
367	1895
368	1895
368	550
368	2669
369	468
369	370
370	2017
370	486
370	1583
370	467
370	468
370	1275
371	418
372	698
372	2102
372	418
373	468
374	2028
375	2241
375	389
375	2380
375	971
375	1518
375	425
375	2715
376	736
377	2023
377	1583
377	1584
377	424
377	531
377	2010
377	2335
378	722
378	898
379	2692
379	1584
379	1941
379	380
380	2692
380	1584
380	2385
380	1938
380	2693
380	1941
380	389
381	1967
381	382
383	1177
384	385
384	1634
384	1894
384	588
384	546
384	1173
385	546
385	588
385	1173
385	550
389	610
389	2380
389	2379
389	2028
389	1454
389	2385
389	2715
390	391
392	1382
393	1664
393	1192
393	563
393	1692
395	1782
396	397
397	1106
398	1116
398	630
398	399
399	630
400	1811
403	2158
404	2337
408	594
408	831
409	2343
409	2188
409	1263
409	2031
409	410
410	2625
410	2028
410	413
410	1886
412	811
414	1861
414	1969
414	2380
414	1901
414	2542
414	1873
414	2261
414	2134
414	2135
414	1496
415	721
417	1641
421	1018
421	1371
422	1153
422	499
422	765
424	1073
424	946
424	2260
424	954
424	2014
425	2341
425	2292
425	1497
425	2109
426	1102
427	857
427	1949
427	1951
436	2272
436	2593
436	1194
440	1168
440	1162
440	1909
451	823
453	1701
457	1444
466	1643
466	2572
467	486
467	468
468	486
469	470
470	2381
471	1564
471	1518
472	725
472	870
473	542
473	1011
473	1029
473	790
473	1213
474	1175
476	960
476	962
476	1156
476	1191
476	532
476	1018
478	1042
481	1646
482	483
489	1560
489	538
492	505
492	2374
497	714
500	1110
501	1546
501	1939
501	1529
501	1692
507	1601
507	2547
507	1861
508	1941
514	646
516	2148
516	1366
519	1513
519	1562
519	1950
528	1282
528	1684
528	1663
529	986
530	709
530	937
530	938
530	1071
530	1011
530	1321
531	1584
531	2340
531	1583
532	960
532	962
532	1191
532	1018
534	612
537	538
537	695
538	546
542	1139
542	915
542	933
543	1589
544	1073
544	946
544	614
544	2521
546	588
546	1173
548	1075
548	1189
548	1642
548	1004
548	1008
548	1042
548	2035
550	1895
552	1044
556	1215
562	2674
563	1192
563	1664
563	1692
568	1475
568	577
571	1108
571	1758
577	1475
587	684
588	1173
593	1293
594	2383
594	2365
594	733
594	831
595	1320
596	2157
598	653
600	602
601	2341
603	985
607	969
607	1194
607	614
607	1023
610	637
612	1050
612	1284
614	946
614	1331
614	942
615	946
616	984
616	1067
616	946
616	995
616	916
620	1228
621	962
622	986
624	1159
624	1128
624	939
624	948
624	1148
626	1040
627	628
632	1215
640	1386
652	865
652	1571
652	1540
654	1514
655	2136
655	1806
659	1601
659	1965
659	2261
678	1478
683	685
684	1690
684	1434
686	687
690	914
691	1035
695	1004
701	1694
702	1149
705	1015
712	878
712	1478
714	1236
720	1137
720	991
720	919
721	1511
722	898
722	783
722	1851
725	1572
726	914
732	2028
746	1901
749	2355
755	1635
755	804
755	1581
755	757
762	996
765	1153
767	960
767	962
769	928
769	1181
782	1950
782	1175
783	1851
790	994
790	1159
790	1255
790	915
790	947
790	1213
790	1011
804	1581
808	1641
808	1864
808	1996
808	1793
823	1453
840	1781
843	1719
848	2444
849	2449
849	850
849	2337
865	1540
865	1571
878	2025
882	1750
891	1618
896	1946
898	1851
905	960
905	962
911	1215
913	1977
915	994
915	931
915	1159
915	1255
915	1027
915	1213
916	984
918	1148
919	1137
922	2108
923	1320
928	999
928	1181
928	1198
928	953
932	964
933	1139
933	1067
933	1124
935	1028
935	990
936	1085
936	1071
937	1011
937	938
937	1071
938	1011
938	1071
939	940
939	948
942	946
942	948
942	967
944	945
944	1129
946	1073
949	1024
949	1183
950	1039
953	1061
954	2260
955	1235
960	962
960	1191
960	1075
960	1018
962	1191
962	1078
962	1018
965	1101
966	1035
971	1513
972	973
975	1095
979	1235
983	1016
989	1060
994	1255
994	1128
994	1159
994	1213
994	1118
997	1145
997	1762
998	1035
999	1056
999	1198
1000	1010
1003	1188
1005	1396
1009	1010
1009	1214
1010	1250
1010	1214
1011	1071
1011	1213
1012	1072
1016	1054
1018	1191
1018	1075
1018	1371
1019	1020
1021	1128
1026	2278
1029	1135
1030	1090
1033	1034
1037	1103
1040	1057
1041	1183
1042	1075
1042	1189
1045	1046
1046	1194
1052	1968
1055	1101
1056	1198
1058	1371
1058	1118
1061	1656
1061	1381
1061	1654
1070	1371
1075	1189
1077	2340
1077	2335
1084	1144
1084	2450
1103	1137
1103	1123
1103	2271
1106	1107
1106	1111
1108	1223
1108	1784
1108	1180
1108	1758
1108	1759
1110	1644
1110	2474
1110	1935
1116	1414
1118	1128
1118	1183
1118	1119
1123	1137
1123	1223
1123	1777
1123	1971
1123	2271
1123	1180
1123	1759
1128	1159
1130	1763
1137	1762
1137	1763
1137	1223
1137	1777
1137	1782
1137	2271
1138	1250
1142	1177
1143	1183
1145	1762
1159	1255
1159	1213
1162	1194
1165	1371
1168	1909
1173	1572
1178	1784
1180	1759
1192	2464
1192	1671
1194	2696
1194	1769
1201	1440
1206	1453
1213	1255
1213	2450
1213	2030
1216	1389
1223	1763
1223	1422
1223	1777
1223	2271
1223	1759
1234	1917
1249	2693
1255	1794
1263	1517
1268	1418
1268	1925
1282	1684
1282	1663
1284	1285
1318	1619
1320	1546
1330	1922
1339	2277
1368	1518
1369	2630
1374	1522
1381	1656
1381	1654
1385	1386
1385	1389
1388	2327
1414	1415
1415	2327
1422	1743
1433	1743
1443	2012
1443	1837
1443	2431
1454	2028
1462	1694
1473	1474
1475	1666
1475	2099
1476	1647
1476	1559
1477	2520
1488	2021
1492	1963
1493	1553
1496	1585
1496	1969
1497	2109
1497	2292
1504	1565
1504	1566
1504	1573
1511	2028
1512	1532
1513	1515
1513	1514
1514	2074
1514	1515
1517	2253
1517	2492
1522	1570
1529	1546
1529	1692
1530	1791
1543	1544
1543	1574
1546	1692
1553	1634
1554	1874
1555	1904
1557	2014
1557	1950
1558	1692
1558	1642
1562	1584
1562	2340
1565	1573
1566	1573
1580	1652
1583	2335
1583	1584
1583	2010
1602	2109
1613	2218
1636	2542
1637	2104
1639	2492
1641	2173
1642	1692
1644	2474
1646	1762
1650	1651
1654	1656
1654	2201
1654	1780
1664	1692
1666	2050
1666	2099
1682	1717
1725	1756
1756	1796
1756	1781
1758	1759
1759	1777
1759	2271
1762	1782
1763	1777
1769	2696
1777	1782
1777	2271
1780	2201
1781	1796
1793	1864
1810	2716
1811	2719
1835	2222
1837	2012
1837	2431
1861	2570
1861	1969
1861	2547
1864	1996
1873	1969
1873	2134
1886	2028
1901	1969
1901	2010
1901	2715
1939	2332
1941	2692
1941	2324
1944	2012
1949	1951
1950	2014
1965	2261
1969	2261
1969	2135
1981	2019
2005	2138
2010	2715
2012	2431
2015	2625
2015	2715
2015	2023
2023	2625
2023	2715
2023	2340
2023	2188
2023	2547
2025	2026
2031	2188
2081	2102
2102	2483
2109	2341
2109	2292
2134	2542
2135	2380
2135	2542
2199	2330
2278	2326
2327	2332
2335	2340
2340	2343
2365	2383
2380	2542
2380	2715
2407	2672
2471	2525
2473	2701
2502	2551
2547	2625
2625	2715
