0	67
0	425
0	15
0	35
0	308
0	2010
0	186
1	240
1	2
1	3
1	100
1	261
1	425
1	364
1	174
1	175
1	1968
1	17
1	115
1	366
1	1497
1	2524
1	285
2	3
2	5
2	6
2	8
2	2188
2	1170
2	2323
2	20
2	2330
2	36
2	2341
2	39
2	425
2	1965
2	1592
2	1339
2	2109
2	2249
2	74
2	2256
2	2261
2	1367
2	1497
2	2010
2	100
2	2277
2	659
2	2292
2	377
2	380
2	85
3	389
3	904
3	654
3	16
3	1938
3	1555
3	1941
3	285
3	30
3	32
3	35
3	2340
3	39
3	1583
3	62
3	2625
3	2248
3	74
3	85
3	1368
3	1497
3	100
3	101
3	508
3	1514
3	238
3	1904
3	531
3	380
4	92
4	313
4	163
4	2348
4	417
5	6
5	264
5	15
5	20
5	21
5	32
5	35
5	326
5	424
5	43
5	1583
5	8
5	56
5	186
5	63
5	70
5	72
5	74
5	2260
5	1643
5	364
5	2292
5	373
6	2330
6	228
6	39
6	264
6	2188
6	1965
6	1583
6	49
6	1170
6	659
6	2261
6	1592
6	377
6	698
6	1275
6	2010
6	36
7	32
7	25
7	23
8	2292
8	20
8	411
8	158
9	1479
9	1864
9	361
9	267
9	12
9	13
9	2383
9	40
9	594
9	568
9	377
10	1962
10	11
10	356
11	96
11	155
11	356
11	538
11	187
11	1962
11	351
12	733
12	454
12	13
12	2383
12	594
12	2365
13	733
13	1606
13	454
13	509
13	594
13	2383
13	220
13	2365
14	2102
14	71
15	70
15	359
15	72
15	44
15	1583
15	21
15	56
15	985
15	186
15	63
16	481
16	359
16	363
16	76
16	238
16	17
16	340
16	30
17	115
17	71
17	364
17	2026
17	359
17	300
17	240
17	366
17	481
17	2025
17	29
17	351
18	19
18	2613
19	425
19	2379
19	1497
20	1643
20	76
20	1517
20	1518
20	49
20	2292
21	64
21	224
21	70
21	72
21	2095
21	1542
21	470
21	1583
21	283
21	61
21	69
21	63
23	32
23	2064
23	240
23	384
23	308
23	25
23	254
24	2017
24	358
24	2715
24	357
24	326
24	2023
24	327
24	2380
24	1263
24	375
24	1073
24	370
24	513
24	25
24	409
24	410
24	91
24	92
24	382
24	389
25	32
25	513
25	91
25	1861
25	2023
25	1938
25	2547
25	373
25	2625
25	507
26	297
26	1901
26	2328
26	2495
26	92
26	2015
27	97
27	1518
27	1368
27	370
27	2547
27	1492
27	56
27	1275
28	76
29	337
29	481
30	37
30	238
30	341
30	245
31	356
32	362
32	365
32	2258
32	1603
32	2072
32	91
34	706
34	474
34	869
34	1946
34	1966
35	67
35	326
35	39
35	424
35	425
35	74
35	76
35	72
35	2260
35	373
35	364
35	1721
35	1275
35	1086
35	2344
36	155
36	37
36	38
36	519
36	424
36	1965
36	106
36	1895
36	2188
36	365
36	111
36	2330
36	1170
36	39
36	187
36	1562
36	2014
37	2019
37	38
37	588
37	782
37	624
37	1458
37	238
37	507
37	351
38	385
38	424
38	106
38	54
38	1950
39	2023
39	424
39	2188
39	338
39	1965
39	531
39	1170
39	659
39	85
39	377
39	2010
39	2330
39	2078
39	2261
40	971
40	111
40	1513
40	377
40	351
41	402
41	403
41	2278
41	2158
42	66
42	260
43	102
43	373
44	418
44	75
44	1580
44	45
44	48
44	2355
44	1652
44	725
44	1687
44	1500
44	247
45	1580
45	1652
46	1410
46	1769
46	1194
46	331
46	1168
46	1909
47	48
47	70
48	75
48	49
48	821
48	247
48	1687
49	132
49	135
49	1546
49	144
49	1692
49	169
49	71
49	50
49	373
49	68
49	70
49	583
49	584
49	74
49	77
49	339
49	85
49	227
49	228
49	489
49	115
49	501
49	1529
50	227
50	228
50	584
50	169
50	1580
50	1883
53	378
53	78
54	368
54	210
54	1895
55	56
55	1947
55	1964
56	1339
56	1885
56	1967
56	105
56	1963
56	721
56	1491
56	1492
56	381
57	353
57	326
57	327
57	328
57	375
57	538
57	190
58	379
58	868
61	1542
61	76
61	2095
61	375
61	2014
62	2603
63	64
63	224
63	75
63	70
63	71
63	72
63	266
63	2379
63	1420
63	206
63	283
63	1583
63	69
64	224
64	65
64	197
64	69
64	1542
64	72
64	75
64	2028
64	283
65	2028
65	197
65	486
65	71
66	507
66	338
66	455
67	68
67	326
67	425
67	76
67	373
67	375
68	115
68	373
69	256
69	163
69	72
69	224
69	283
70	72
70	684
70	339
70	1583
70	1690
71	898
71	869
71	264
71	234
71	235
71	722
71	1750
71	471
71	1851
72	224
72	868
72	1639
72	73
72	657
72	274
72	600
72	283
72	602
72	1583
73	274
73	1981
74	1094
74	424
74	489
74	75
74	76
74	2260
74	373
74	2199
74	364
74	1564
74	85
74	471
75	263
75	76
75	1500
75	2355
75	1687
75	506
75	351
75	220
76	197
76	359
76	2028
76	2547
76	374
76	375
76	1086
77	2311
77	230
77	169
79	209
79	2075
79	758
79	207
80	2074
81	355
81	366
81	369
81	114
81	371
81	142
82	2337
82	849
85	2692
85	409
85	1562
85	2335
85	2340
85	424
85	1583
85	1584
85	1077
85	326
85	2023
85	2265
85	2010
85	92
85	101
85	231
85	2343
85	1518
85	2031
85	2344
85	370
85	377
85	1275
86	1028
87	321
87	1125
87	720
87	983
87	1016
87	1054
88	624
88	336
88	874
88	939
88	948
89	99
91	2340
91	2023
91	1962
91	2072
91	2692
91	409
91	1339
92	610
92	197
92	1641
92	2282
92	2188
92	1454
92	2031
92	464
92	2328
92	409
92	2173
92	286
92	2015
93	1184
93	1762
93	516
93	1071
93	2398
93	1366
93	670
93	94
94	1762
94	401
94	1794
94	1137
94	948
95	824
95	1250
95	1138
95	1074
95	1245
96	351
97	1331
97	98
97	1754
97	1846
98	1762
98	326
98	423
98	106
98	2231
98	1369
100	101
100	425
100	375
100	1497
100	285
101	2625
101	2023
101	2248
101	2343
101	1938
101	370
101	1275
101	2340
101	1562
101	2335
101	380
101	285
101	1077
102	1483
102	105
102	268
102	240
102	115
102	308
102	373
102	601
103	1056
103	1027
103	999
103	970
103	622
103	986
103	958
105	516
105	422
105	298
105	1885
105	564
105	373
105	2148
105	381
106	385
106	424
106	720
106	1557
106	919
106	2014
106	213
107	552
107	1008
107	548
109	1123
109	1223
109	2674
109	562
109	1887
109	1759
111	249
111	1589
111	113
114	369
115	2081
115	373
115	363
115	366
115	175
115	174
115	2102
115	2524
115	261
118	1162
120	484
120	485
121	296
121	522
121	301
121	1077
121	1175
121	123
122	1572
123	296
123	387
123	301
123	1502
124	488
124	548
124	2035
124	1004
125	126
125	127
126	695
126	223
126	127
127	1546
127	1004
127	464
127	695
127	537
130	163
131	1493
132	135
132	169
132	1642
132	144
132	501
132	1558
132	1529
132	1692
132	1546
133	1881
134	135
134	1320
134	1546
134	144
134	595
134	1653
135	353
135	1320
135	169
135	1546
135	144
135	338
135	501
135	1529
135	1692
136	2108
136	922
136	580
136	1007
137	1650
137	1651
138	2179
139	2380
139	1555
139	1108
139	365
139	423
140	832
141	1156
141	431
144	1320
144	169
144	1546
144	338
144	595
144	501
144	1368
144	1529
144	1692
145	465
145	147
147	465
149	653
150	484
152	808
152	1793
152	1864
153	2335
154	1040
155	187
156	765
161	185
161	2110
162	1647
163	389
164	1601
164	514
164	1717
164	174
165	248
169	227
169	550
169	584
169	1546
169	2311
169	1580
169	501
169	1529
169	1883
169	1692
172	283
172	1175
174	514
174	261
174	262
174	782
174	175
174	366
174	2524
174	1717
175	514
175	261
175	262
175	1665
175	366
175	782
175	2524
177	722
177	1475
178	1888
178	2209
178	994
178	1159
178	1255
178	915
178	790
178	1497
178	1213
180	181
184	565
185	2110
186	359
186	264
186	1483
186	2262
187	519
188	360
188	464
188	1239
190	2053
190	328
190	307
190	372
190	698
190	1435
190	2078
194	507
194	2260
197	389
197	1511
197	2028
197	939
197	1454
197	721
197	212
197	341
197	374
197	282
197	286
197	213
198	244
206	266
206	1420
207	2076
207	209
207	2074
207	2075
207	540
207	541
209	2076
209	540
210	465
212	282
212	213
213	1153
217	571
218	560
218	1031
219	291
219	2492
219	374
220	1213
220	2383
220	509
223	695
224	283
225	2340
225	519
225	1513
225	231
225	1583
225	531
225	883
225	377
225	380
225	543
227	584
227	228
229	1512
229	1531
229	1532
230	1546
230	923
230	1580
231	2340
231	2014
231	543
234	471
234	1478
235	281
235	313
236	297
236	746
236	1517
236	1901
236	415
238	1601
238	659
238	474
238	507
238	2019
239	240
239	313
239	265
240	265
240	268
240	366
240	1873
240	308
240	414
240	254
240	364
240	1822
240	351
242	256
243	422
245	341
245	1511
247	1652
247	1687
248	342
248	341
250	2034
250	1004
250	422
251	2332
254	308
257	489
257	538
257	684
257	258
257	1132
258	538
258	1132
258	343
260	1643
261	262
261	366
261	782
261	2524
262	2017
262	357
262	1541
262	370
262	468
262	2236
264	869
264	564
264	415
266	577
266	1475
266	586
266	267
266	2199
267	577
267	578
267	711
267	1488
267	2199
267	568
267	361
268	2625
268	2692
268	2241
268	360
268	2280
268	1941
268	410
268	379
268	380
268	277
270	1045
270	1046
271	1696
271	272
271	1561
272	960
272	962
272	1191
272	905
272	276
272	1078
272	532
272	1018
272	476
272	767
273	1067
273	1027
273	1292
273	1125
274	722
274	783
274	657
275	316
275	2402
275	323
275	324
275	2450
276	960
276	962
276	1191
276	532
276	1622
276	1018
276	476
277	2155
277	1009
277	1946
277	2099
280	561
280	1067
280	933
280	687
281	1969
281	414
282	2387
285	2625
285	904
285	380
285	2248
285	1938
285	2324
285	1941
285	1497
285	508
286	326
286	939
286	1518
286	2385
286	2260
286	1454
290	2520
291	2392
291	2492
291	374
293	1343
294	1366
295	1574
295	1031
295	297
295	1517
295	2253
295	313
295	2492
296	301
297	1574
297	1031
297	1517
297	1901
297	313
297	2383
297	2492
298	2148
298	516
299	389
301	387
301	1077
302	419
302	364
303	1227
304	2473
304	407
304	305
305	407
306	641
306	1394
306	2055
307	362
309	2570
309	1861
310	1691
310	311
311	1691
312	1632
312	451
312	1668
312	1673
312	334
312	534
312	313
313	1632
313	2218
313	685
313	334
313	1969
313	1587
313	756
313	1454
313	1559
313	1613
313	1946
313	1517
313	414
314	1670
316	325
317	318
318	2377
321	580
321	1125
321	720
321	1905
321	1142
321	1177
321	957
322	362
322	1639
323	332
323	562
323	324
323	2455
324	1123
324	562
326	2692
326	409
326	2715
326	389
326	2344
326	1963
326	584
326	327
326	328
326	2380
326	2385
326	468
326	2265
326	2010
326	2023
326	364
326	375
326	379
326	380
326	382
327	389
327	328
327	2380
327	375
327	2715
329	383
330	421
331	1700
331	1162
331	1238
331	440
331	1194
331	607
332	2455
333	1272
333	1770
333	1765
334	2218
334	1613
334	1454
334	1587
334	756
335	336
336	937
336	948
336	337
337	481
337	338
337	920
337	921
338	1584
338	1546
338	1368
338	1648
338	347
338	2078
338	351
340	1480
341	422
341	1511
341	650
341	765
343	538
344	1953
344	346
344	1948
344	345
345	1953
345	346
345	1948
346	1953
347	1648
347	1649
347	348
348	1657
348	1580
349	907
349	782
349	1175
351	538
351	624
351	939
351	1965
351	1454
351	1583
351	2355
351	961
351	587
351	588
351	352
351	2010
351	354
351	364
351	374
351	506
352	353
352	354
352	587
353	1320
353	537
353	538
354	961
354	1068
355	486
355	369
355	366
355	370
355	371
357	358
357	1073
357	370
357	468
358	1962
358	1965
358	1073
358	2358
358	409
358	2010
361	568
361	1475
361	577
362	371
362	758
363	364
364	2025
364	2026
364	419
364	366
366	371
366	2524
367	368
367	385
367	1559
367	550
367	1895
368	385
368	550
368	1895
368	2669
369	468
369	370
370	2017
370	373
370	486
370	2343
370	1583
370	468
370	1077
370	1275
370	2340
371	418
372	2190
372	698
372	418
373	424
373	2260
374	2028
375	2241
375	389
375	2380
375	425
375	2715
377	2340
377	2023
377	1965
377	1583
377	1584
377	424
377	1170
377	531
377	2010
377	2330
377	2335
378	722
378	2118
378	898
379	2692
379	1584
379	1938
379	1941
379	380
380	2692
380	519
380	1583
380	1584
380	2385
380	1938
380	2693
380	2324
380	1941
380	531
380	2340
380	2010
380	389
381	1885
381	382
381	1967
384	385
384	1634
384	1894
384	588
384	546
384	1173
385	546
385	1894
385	550
385	588
385	1173
387	429
389	2379
389	2380
389	1454
389	1555
389	2385
389	2229
389	2715
389	2295
390	391
392	1382
393	1664
393	1192
393	563
393	1692
394	1035
395	1782
396	397
397	1097
397	1106
398	1116
398	630
398	399
399	630
400	1811
401	1453
403	2158
404	2337
405	487
408	594
408	831
409	2016
409	2343
409	732
409	2023
409	2188
409	1263
409	2031
409	410
409	2341
410	2625
410	2028
410	413
410	1886
412	811
412	758
412	471
414	1315
414	1861
414	1969
414	2135
414	1901
414	2542
414	1873
414	2261
414	2134
414	1496
414	2491
414	2238
415	721
416	1778
416	1332
417	1641
418	2190
422	2034
422	765
424	1073
424	946
424	2260
424	954
424	2014
425	2341
425	2292
425	1497
425	2379
425	2109
426	944
426	1102
427	857
427	1949
427	1951
430	1155
436	2272
436	1614
440	1700
440	1162
440	1168
440	1780
440	1909
444	2215
451	1673
451	823
453	1701
454	733
463	870
464	610
466	1643
466	804
469	2650
469	470
470	2650
470	2381
471	1564
472	870
473	483
473	1029
473	1135
473	1011
473	790
473	1213
473	542
474	869
474	706
474	1966
474	1175
474	1946
476	960
476	962
476	1156
476	1191
476	532
476	1018
478	1042
481	1646
482	483
489	1645
489	1560
489	538
491	913
492	505
492	1733
492	2374
495	1061
497	714
500	1110
501	1546
501	1529
501	1692
506	1965
507	2657
507	1601
507	2260
508	904
508	1941
509	733
509	1606
509	2383
509	2365
514	646
515	730
516	2148
516	1366
516	2398
519	546
519	1513
519	883
519	1173
519	1562
519	1950
528	1282
528	1684
528	1663
529	986
529	612
529	614
529	942
529	615
530	1321
530	1090
530	1011
530	709
530	1030
531	2692
531	2340
531	1583
531	1584
531	1169
531	1170
531	1562
532	960
532	962
532	1191
532	1018
532	767
534	612
536	1215
537	1546
537	695
537	1176
537	538
538	736
538	1320
539	1211
539	621
539	1078
540	2076
540	541
541	2076
542	1139
542	915
542	933
544	2521
544	614
546	588
546	2669
546	1583
546	1173
546	1175
546	1789
546	1950
548	552
548	1642
548	1004
548	1008
548	2035
550	1895
550	2189
552	1008
552	1044
552	553
556	1804
562	2674
563	1192
563	1664
563	1692
568	1475
568	577
571	1080
571	1108
571	1758
571	1223
572	2327
577	1475
577	2199
580	1090
580	1030
580	1007
580	922
580	2108
581	2525
583	584
584	1963
584	1883
587	684
588	624
588	1173
593	1293
594	2365
594	733
594	831
595	1320
595	1546
595	1653
596	2157
598	653
600	602
600	765
603	985
607	969
607	1194
607	614
607	1023
610	686
610	687
610	2132
610	637
614	615
614	1227
614	942
614	946
614	1331
614	986
614	1086
615	984
615	946
615	986
616	984
616	995
616	916
620	1228
621	962
621	1211
621	1078
622	986
622	1050
624	939
624	1011
624	948
624	1029
624	933
626	1040
627	628
633	1729
637	2332
640	1387
642	2021
643	935
647	1194
647	1046
652	865
652	1571
652	1540
654	1514
655	2136
655	1806
657	868
659	1601
659	1965
659	2261
660	746
678	1478
683	685
684	1650
684	1651
684	1434
684	1690
686	687
687	1067
687	933
690	914
690	2342
691	1035
691	1068
695	1004
695	1176
697	1994
699	1067
701	1694
702	1149
703	801
705	1015
711	1488
712	878
712	1478
714	1148
714	1236
720	1125
720	1094
720	1063
720	1101
720	1137
720	919
720	958
720	991
721	1511
721	2693
721	1492
721	1339
722	898
722	783
722	1851
724	898
725	1572
726	914
726	1214
732	2341
732	2028
732	1965
732	1511
733	1606
733	2365
734	1815
736	870
746	1901
749	2355
755	1635
755	804
755	1581
755	757
756	1587
757	1635
757	1581
762	996
766	1198
767	960
767	962
769	928
769	1181
780	1552
780	1853
782	1175
782	1950
783	1851
790	994
790	1159
790	1255
790	915
790	947
790	1213
790	1011
804	1581
808	1641
808	1864
808	1996
808	1793
822	1517
823	1040
823	1057
823	1453
824	1245
840	1781
843	1719
848	2444
849	2449
849	1900
849	850
849	2337
862	2025
865	1504
865	1540
865	866
865	1571
869	1966
869	1946
878	2025
882	1750
891	1618
896	1946
898	1851
905	960
905	962
911	1215
912	1147
913	1977
915	994
915	1027
915	1159
915	1255
915	931
915	1213
916	984
918	1148
919	1137
919	1101
920	921
922	2108
922	1007
923	1320
923	1546
928	1181
928	1198
928	999
932	964
933	1124
933	1067
933	1139
934	970
935	1137
935	990
935	1782
936	1085
936	1071
937	1071
939	940
939	948
942	967
942	946
942	948
942	991
944	945
944	1129
945	1037
946	1482
946	1008
946	1073
946	991
949	1024
950	1039
953	1061
954	2260
955	1235
957	1905
958	1063
959	1794
960	962
960	1191
960	1075
960	1078
960	1018
961	963
962	1191
962	973
962	1078
962	1018
965	1650
965	1651
965	1101
966	1035
967	2397
969	1081
969	1250
969	979
971	1513
971	2311
972	973
972	1063
973	1147
975	1095
979	1235
980	1189
983	1016
983	1234
983	990
989	1060
990	1016
990	1157
991	995
994	1255
994	1128
994	1159
994	1501
994	1213
994	1118
997	1145
997	1762
997	1106
998	1035
999	1056
999	1198
1000	1010
1003	1188
1005	1396
1007	2108
1009	2155
1009	1777
1009	1250
1009	2099
1010	1214
1011	1029
1011	1213
1012	1072
1013	1014
1016	1142
1016	1054
1018	1191
1018	1075
1018	1371
1019	1020
1025	2431
1026	2278
1029	1135
1030	1090
1033	1034
1037	1103
1037	1223
1037	1777
1040	1057
1041	1183
1042	1189
1045	1046
1046	2696
1046	1769
1046	1194
1052	1968
1053	1137
1053	1782
1055	1101
1056	1198
1058	1371
1058	1118
1061	1656
1061	1381
1061	1654
1070	1371
1071	1184
1073	1752
1076	1077
1077	2340
1077	2343
1077	1275
1077	2335
1078	1211
1080	1758
1081	1250
1084	1144
1086	2023
1086	1275
1087	1227
1096	1138
1099	1100
1103	1137
1103	1123
1103	2271
1106	1111
1106	1107
1108	1123
1108	1223
1108	1784
1108	1180
1108	1758
1108	1759
1110	1644
1110	1935
1116	1414
1118	1128
1118	1183
1118	1119
1123	1137
1123	1223
1123	2271
1123	1777
1123	1971
1123	1887
1123	1180
1123	1759
1124	1473
1124	1474
1127	1165
1128	1159
1130	1763
1137	1762
1137	1763
1137	1777
1137	1782
1137	2271
1138	1250
1138	1245
1142	1177
1143	1183
1145	1762
1158	1445
1159	1255
1159	1213
1162	2049
1162	1194
1165	1371
1167	1430
1168	1909
1169	1562
1170	2188
1170	1965
1170	2261
1170	2330
1173	1572
1173	1894
1173	2350
1173	1175
1173	1241
1173	1789
1173	1950
1175	1789
1178	1784
1180	1784
1180	1782
1180	1759
1192	2464
1192	1671
1193	1243
1194	2696
1194	1769
1201	1440
1213	1255
1213	2450
1213	2030
1215	1812
1216	1389
1223	1763
1223	1422
1223	1777
1223	2271
1223	1758
1223	1759
1229	1336
1229	1713
1234	1917
1241	2350
1249	2693
1255	1794
1268	1418
1268	1925
1275	2340
1275	2023
1275	2343
1282	1684
1282	1663
1284	1285
1315	2491
1318	1619
1320	1546
1320	1653
1336	1713
1339	2277
1350	1522
1350	1570
1366	2398
1368	1904
1368	1518
1368	1555
1372	2582
1374	1522
1381	1656
1381	1654
1381	1655
1385	1386
1385	1389
1388	2327
1405	1919
1414	1415
1415	2327
1421	1806
1422	1427
1422	1743
1433	1743
1434	1690
1443	2012
1443	1837
1443	2431
1458	1459
1459	1544
1473	1474
1475	1666
1475	2099
1476	1647
1476	1559
1477	2520
1488	2021
1491	1492
1492	1963
1493	1553
1496	1585
1496	1969
1497	2109
1497	2292
1504	1565
1504	1566
1504	1573
1511	2028
1511	1965
1512	1532
1513	1515
1513	1514
1514	2074
1514	1515
1516	2273
1517	2253
1517	2383
1517	2492
1518	1584
1518	2260
1522	1570
1529	1546
1529	1692
1530	1791
1531	1532
1542	2095
1543	1544
1543	1574
1546	1653
1546	1692
1549	1957
1552	1853
1553	1634
1554	1874
1555	1922
1555	1904
1555	2583
1555	1752
1557	2014
1557	1950
1558	1692
1558	1642
1559	1647
1562	2340
1565	1573
1566	1573
1580	1652
1583	1938
1583	2330
1583	2335
1583	1584
1583	2010
1583	2669
1592	2188
1602	2109
1602	2102
1604	1605
1606	2365
1613	2218
1614	2593
1617	1784
1617	1945
1628	1874
1636	2542
1637	2104
1638	2201
1639	2492
1640	2336
1641	1746
1641	2173
1642	1692
1644	1935
1650	1690
1650	1651
1651	1690
1654	1656
1654	1655
1655	1656
1663	1684
1664	1692
1666	2050
1666	2099
1687	2355
1698	1701
1713	1929
1725	1756
1756	1796
1756	1781
1758	2271
1758	1777
1758	1759
1759	1777
1759	2271
1762	1763
1762	1782
1763	2467
1763	1777
1764	2721
1769	2696
1771	1784
1774	1776
1774	1775
1775	1776
1777	1782
1777	2271
1781	1796
1782	2271
1793	1864
1806	1931
1810	2716
1811	2719
1834	2004
1835	2222
1837	2012
1837	2431
1848	2215
1849	2259
1851	1915
1861	2570
1861	1969
1861	2491
1864	1996
1873	1969
1873	2134
1884	2292
1886	2028
1895	2189
1901	1969
1901	2010
1901	2715
1913	2315
1913	2436
1938	2335
1939	2332
1941	2692
1941	2324
1941	2596
1942	1944
1942	1943
1943	1944
1944	2012
1946	1966
1949	1951
1950	2014
1962	2358
1965	2028
1965	2261
1965	2010
1965	2330
1969	2261
1969	2135
1969	2491
1981	2019
2002	2722
2005	2138
2010	2344
2010	2023
2010	2335
2010	2265
2010	2715
2010	2330
2012	2460
2012	2431
2015	2625
2015	2023
2015	2328
2015	2715
2023	2625
2023	2715
2023	2340
2023	2344
2023	2188
2023	2547
2023	2265
2025	2026
2031	2188
2081	2102
2102	2483
2102	2524
2102	2109
2109	2292
2134	2542
2135	2238
2135	2542
2188	2330
2220	2636
2220	2317
2229	2379
2231	2391
2248	2625
2255	2393
2256	2323
2260	2277
2265	2344
2278	2326
2310	2691
2315	2436
2317	2636
2324	2596
2335	2340
2340	2692
2340	2343
2343	2715
2365	2383
2380	2715
2407	2672
2471	2525
2473	2701
2502	2551
2512	2674
2547	2625
2625	2715
