0	67
0	425
0	15
0	35
0	2010
0	186
1	2
1	3
1	100
1	261
1	174
1	175
1	1968
1	115
1	366
1	2102
1	1497
1	2524
1	285
2	3
2	5
2	6
2	8
2	2188
2	531
2	1170
2	2323
2	21
2	23
2	25
2	2330
2	2077
2	35
2	36
2	2341
2	39
2	425
2	43
2	1965
2	2352
2	49
2	2228
2	2358
2	1592
2	58
2	1339
2	2109
2	67
2	97
2	1754
2	2249
2	74
2	2256
2	467
2	2260
2	2261
2	1367
2	2010
2	91
2	225
2	100
2	2277
2	2023
2	881
2	370
2	659
2	2292
2	373
2	375
2	377
2	1275
2	380
2	85
3	389
3	7
3	904
3	654
3	1938
3	1555
3	1941
3	285
3	32
3	35
3	2340
3	39
3	1583
3	62
3	2625
3	326
3	2248
3	74
3	531
3	2260
3	85
3	1368
3	1497
3	92
3	100
3	101
3	380
3	2282
3	365
3	1904
3	115
3	508
3	1514
3	2687
4	417
4	15
4	2348
4	313
5	35
5	70
5	6
5	373
5	264
5	74
5	1643
5	15
5	424
5	8
5	2260
5	21
5	43
5	72
5	20
5	186
5	1583
5	63
6	264
6	268
6	1170
6	659
6	21
6	2330
6	2715
6	414
6	36
6	550
6	39
6	1965
6	1583
6	2352
6	49
6	2358
6	1592
6	698
6	2188
6	469
6	2010
6	225
6	228
6	358
6	2028
6	377
6	1275
6	2261
7	115
7	2260
7	326
8	1643
8	411
8	158
9	361
9	267
9	12
9	13
9	2383
9	594
9	568
10	1962
10	11
10	356
11	96
11	187
11	36
11	1958
11	519
11	110
11	2195
11	356
11	538
11	155
11	351
12	1606
12	454
12	13
12	2383
12	594
12	733
13	733
13	1606
13	454
13	2383
13	594
13	509
13	220
13	2365
14	2102
14	71
15	419
15	70
15	72
15	44
15	302
15	239
15	1699
15	21
15	56
15	985
15	1530
15	1583
15	63
16	481
16	359
16	266
16	363
16	76
16	17
16	947
16	29
17	481
17	359
17	364
17	300
17	240
17	29
17	351
18	19
18	2613
19	425
19	2379
19	1497
21	1687
21	268
21	23
21	283
21	414
21	389
21	1542
21	550
21	39
21	299
21	1583
21	49
21	2355
21	61
21	63
21	64
21	69
21	70
21	72
21	2095
21	74
21	75
21	338
21	469
21	470
21	351
21	224
21	225
21	358
21	2028
21	375
23	384
23	385
23	2064
23	24
23	25
23	35
23	37
23	39
23	43
23	49
23	187
23	67
23	467
23	2260
23	91
23	100
23	2023
23	370
23	373
23	375
23	1275
23	380
23	254
24	409
24	513
24	389
24	25
24	410
24	2715
24	1962
24	1073
24	326
24	327
24	2380
24	355
24	91
24	2017
24	2275
24	357
24	358
24	2023
24	1263
24	370
24	2677
24	375
24	382
25	513
25	35
25	2275
25	39
25	2648
25	1275
25	43
25	49
25	370
25	2023
25	373
25	91
25	380
25	507
26	2328
26	2015
26	92
26	2495
27	56
27	97
27	370
27	1492
28	1457
28	76
29	266
29	947
29	481
30	37
30	341
30	245
32	1792
32	2258
32	1603
32	2072
32	91
32	1791
33	1125
34	706
34	474
34	869
34	1946
34	1966
35	39
35	424
35	425
35	43
35	49
35	1721
35	1086
35	66
35	67
35	72
35	74
35	76
35	2260
35	91
35	2023
35	364
35	2344
35	370
35	373
35	1275
35	380
36	519
36	2188
36	1170
36	1562
36	155
36	2330
36	37
36	38
36	39
36	424
36	1965
36	2077
36	2352
36	187
36	2109
36	712
36	2261
36	2014
36	97
36	1958
36	1895
36	106
36	365
36	362
37	385
37	2019
37	38
37	187
37	588
37	782
37	624
37	1938
37	238
37	507
37	351
38	385
38	1955
38	519
38	424
38	106
38	1965
38	712
38	249
38	187
38	1950
39	384
39	2188
39	1170
39	659
39	2330
39	2077
39	2078
39	43
39	1965
39	2352
39	49
39	1592
39	2109
39	2249
39	721
39	338
39	85
39	2010
39	91
39	97
39	2023
39	362
39	881
39	370
39	531
39	373
39	375
39	377
39	1275
39	380
39	2261
40	129
40	971
40	111
41	2321
41	403
41	2278
41	2158
42	66
42	147
42	2158
43	102
43	1275
43	2023
43	49
43	370
43	373
43	91
43	380
44	418
44	134
44	295
44	296
44	297
44	75
44	1580
44	45
44	1500
44	48
44	2355
44	351
44	595
44	1652
44	725
44	247
44	123
44	1549
44	1687
44	821
45	295
45	296
45	297
45	1549
45	1652
45	247
45	123
45	1580
46	1410
46	1383
46	1769
46	1194
46	331
46	1168
46	1909
46	441
47	48
47	1642
47	339
47	821
47	70
48	75
48	49
48	821
48	758
48	1687
48	351
48	2109
48	247
49	389
49	169
49	50
49	698
49	68
49	70
49	583
49	584
49	338
49	339
49	85
49	91
49	351
49	227
49	228
49	2023
49	1883
49	619
49	370
49	115
49	373
49	1275
49	380
50	227
50	228
50	229
50	584
50	169
50	619
50	1580
50	1883
50	1532
53	378
53	1190
53	78
54	368
54	385
54	210
54	2042
54	1895
55	56
55	1339
55	1947
55	1964
56	1339
56	1885
56	105
56	1963
56	721
56	1491
56	1492
56	381
57	353
57	323
57	326
57	327
57	328
57	426
57	427
57	2385
57	1330
57	1145
57	375
57	217
57	538
57	190
57	447
58	225
58	1583
58	531
58	2324
58	379
58	380
61	1542
61	231
61	2191
61	113
61	2095
61	2014
62	2603
62	2482
63	64
63	224
63	75
63	70
63	71
63	72
63	74
63	2379
63	1420
63	206
63	2064
63	1542
63	283
63	1583
63	69
64	224
64	65
64	1538
64	299
64	69
64	70
64	72
64	74
64	75
64	1542
64	84
64	283
65	71
66	455
66	454
66	507
67	68
67	425
67	1514
67	115
67	2322
67	467
67	2260
67	373
67	265
67	100
68	115
68	373
69	256
69	163
69	1542
69	70
69	72
69	74
69	75
69	224
69	283
70	224
70	283
70	1542
70	72
70	74
70	75
70	684
70	339
70	1583
70	1690
71	869
71	264
71	234
71	471
72	224
72	1639
72	74
72	75
72	657
72	274
72	1542
72	600
72	283
72	602
72	1583
73	274
73	1981
73	127
74	1542
74	1685
74	2199
74	283
74	1564
74	1094
74	2342
74	424
74	1482
74	75
74	2260
74	85
74	471
74	224
74	364
74	373
75	770
75	1542
75	263
75	1687
75	283
75	425
75	2355
75	2109
75	318
75	220
75	351
75	224
75	758
75	247
75	506
75	1500
76	359
76	2547
76	1086
77	225
77	2314
77	230
77	2311
78	378
78	1190
79	1595
79	207
79	209
79	1972
79	758
79	2075
80	130
80	2074
80	1589
81	369
81	114
81	355
81	142
82	2337
82	849
85	2692
85	409
85	231
85	2340
85	326
85	2344
85	1583
85	1584
85	1077
85	2335
85	2246
85	2265
85	2010
85	92
85	2016
85	2275
85	2276
85	101
85	2023
85	2280
85	2343
85	1518
85	2031
85	370
85	377
85	1275
86	1028
87	321
87	1122
87	1125
87	139
87	720
87	529
87	1016
87	983
87	88
87	1054
87	1055
88	336
88	874
88	939
88	948
89	99
91	1792
91	2692
91	2072
91	409
91	2340
91	1957
91	1962
91	1339
91	1099
91	2023
91	370
91	373
91	1275
91	380
91	1791
92	389
92	2328
92	409
92	286
92	2335
92	425
92	1454
92	564
92	197
92	2253
92	464
92	851
92	2015
92	610
92	508
92	2282
92	2031
92	1275
92	380
93	1184
93	1762
93	516
93	777
93	1071
93	2398
93	94
93	1366
93	670
94	1762
94	401
94	1794
94	1137
94	1366
94	284
95	323
95	2308
95	1074
95	273
95	1138
95	824
95	922
95	1245
96	353
96	351
97	2249
97	362
97	1767
97	98
97	2322
97	1331
97	2260
97	1846
97	2231
97	1754
97	2109
98	1762
98	217
98	326
98	2503
98	106
98	423
98	1767
98	2259
98	2165
98	2646
98	2231
98	1848
98	1369
98	1754
98	2275
99	2421
100	101
100	2248
100	467
100	2260
100	1497
100	285
101	2625
101	2023
101	2248
101	2687
101	2343
101	370
101	1938
101	1275
101	2340
101	2335
101	380
101	285
101	1077
102	1483
102	105
102	268
102	240
102	115
102	308
102	373
102	601
102	2330
102	363
103	1056
103	1027
103	999
103	622
103	1106
103	958
105	516
105	422
105	298
105	1885
105	564
105	373
105	2148
105	381
106	385
106	424
106	2231
106	720
106	213
106	919
106	1275
106	2014
107	552
107	1008
107	538
107	548
107	353
108	2652
108	109
108	2549
109	1123
109	1223
109	2674
109	562
109	2549
109	1887
109	1759
110	2195
111	249
111	1589
113	276
114	369
115	373
115	2081
115	326
115	363
115	2348
115	174
115	175
115	2260
115	366
115	2102
115	2023
115	2524
115	261
116	2659
116	2684
117	1525
118	1162
118	1303
119	500
119	1293
120	504
120	1970
120	484
120	405
120	485
121	296
121	522
121	301
121	1077
121	1175
121	123
122	1572
123	387
123	295
123	296
123	297
123	301
123	1502
124	488
124	548
124	2035
124	1004
124	1189
125	223
125	126
125	127
126	695
126	223
126	991
126	127
127	1546
127	1004
127	464
127	695
127	537
127	223
130	163
131	1493
131	1678
132	1642
132	1558
133	1881
134	1320
134	1546
134	595
134	1653
134	247
134	1695
135	353
135	1320
135	554
135	523
135	144
135	200
135	338
135	595
135	1648
135	1546
136	580
136	1032
136	1007
136	1008
136	922
136	2108
138	2179
139	674
139	423
139	2345
139	2380
139	365
139	1904
139	1555
139	1108
140	832
141	1156
141	431
142	419
144	200
144	1546
144	1648
144	1320
144	338
144	595
144	1653
144	1368
145	465
145	147
147	465
148	149
149	653
149	598
150	1532
150	484
152	808
152	1793
152	1864
152	722
153	2340
153	2335
154	1040
154	1637
154	463
155	187
155	1958
155	519
156	765
157	1035
157	1662
158	1552
158	780
160	593
160	1293
161	185
161	2110
162	1647
163	197
163	166
163	389
163	212
163	380
164	1601
164	514
164	174
164	2223
164	238
164	1717
164	474
165	248
169	227
169	550
169	584
169	619
169	1580
169	1883
171	898
171	1475
171	172
171	1585
171	283
171	1597
172	411
172	522
172	466
172	2355
172	1175
172	283
174	514
174	261
174	262
174	193
174	366
174	1602
174	782
174	175
174	2256
174	1717
174	2524
175	514
175	261
175	262
175	193
175	366
175	782
175	1665
175	2524
176	177
178	1888
178	2257
178	1497
178	2473
178	2209
180	181
184	884
184	565
185	2110
186	264
186	1483
186	2262
187	385
187	1954
187	519
187	1958
188	360
188	464
190	2053
190	328
190	307
190	372
190	2078
190	1886
193	514
193	782
194	920
194	336
194	507
194	2260
196	2034
196	422
197	389
197	1511
197	2062
197	939
197	2028
197	1454
197	721
197	212
197	213
197	282
197	286
198	244
198	549
200	554
200	1546
205	1955
205	1950
206	266
206	411
206	1420
207	1595
207	2076
207	209
207	2074
207	2075
207	540
207	541
209	2075
209	2076
209	540
210	465
210	1420
210	2020
211	213
212	282
212	213
213	1153
216	323
216	1061
217	2275
217	326
217	328
217	1145
217	728
217	571
217	447
218	560
218	297
218	1031
218	2588
218	295
219	291
219	2492
220	1483
220	712
220	2383
220	509
223	695
224	2355
224	1542
224	1687
224	283
225	2311
225	2314
225	268
225	531
225	414
225	543
225	2340
225	550
225	519
225	1583
225	2334
225	1492
225	469
225	358
225	231
225	1513
225	2028
225	883
225	377
225	380
227	228
227	229
227	584
227	619
227	1883
228	229
228	583
228	584
229	1512
229	1531
229	1532
230	1546
230	923
230	1580
231	2340
231	2014
231	543
234	649
234	471
234	1478
235	281
236	297
236	746
236	1517
238	1601
238	2019
238	659
238	474
239	240
239	313
239	265
240	1873
240	265
240	268
240	414
240	364
240	1822
240	351
241	242
242	256
243	422
244	549
245	1508
245	341
245	1511
247	595
247	1652
247	821
247	1687
247	1500
248	361
248	1508
248	342
248	341
249	1965
250	2034
250	1004
250	422
251	2332
257	489
257	258
257	684
257	538
257	1132
258	1132
258	343
259	260
259	2340
260	1643
260	1967
261	262
261	2017
261	366
261	782
261	760
261	2524
262	2017
262	1541
262	370
262	1275
262	2236
264	1483
264	564
264	597
265	1514
265	2322
265	2260
266	577
266	711
266	586
266	267
266	947
266	2199
267	577
267	578
267	711
267	1580
267	1488
267	2199
267	568
267	361
268	2625
268	2692
268	2280
268	469
268	550
268	2028
268	269
268	360
268	1941
268	1584
268	358
268	379
268	380
268	410
268	414
269	1584
269	379
270	476
271	960
271	1696
271	272
271	1561
272	960
272	962
272	905
272	532
272	1078
272	1561
272	1018
272	767
273	323
273	1125
273	615
273	1067
273	1292
273	1027
273	986
273	607
274	2019
274	657
275	316
275	2402
275	323
275	324
276	1622
277	1009
277	2155
277	2099
277	610
278	342
280	611
280	2052
280	933
280	1067
280	716
280	687
280	561
282	2387
282	390
282	391
283	1542
284	286
284	285
285	2625
285	904
285	508
285	2248
285	1938
285	2324
285	1941
285	1497
285	286
285	380
286	326
286	327
286	939
286	365
286	782
286	2385
286	2260
286	1454
286	1518
286	2014
288	724
288	822
290	2520
290	304
291	2392
291	2492
293	416
293	1343
294	1366
295	1574
295	1031
295	296
295	297
295	1517
295	2253
295	313
295	2492
296	297
296	301
297	1574
297	1031
297	1517
297	2383
297	313
297	2492
298	2148
298	516
299	389
301	387
301	1077
302	419
302	364
303	1227
304	305
304	407
305	407
306	641
306	407
306	2055
307	362
308	324
308	1514
308	2260
308	373
309	2570
309	1861
309	2495
310	1691
310	311
311	1691
312	1632
312	451
312	1668
312	1673
312	334
312	534
312	313
313	2218
313	685
313	334
313	1969
313	1587
313	756
313	1454
313	1559
313	1613
313	1946
313	1517
313	414
314	1670
316	1330
316	426
316	325
317	1395
318	2355
318	2377
318	2719
318	425
320	329
321	1762
321	580
321	1125
321	1041
321	1003
321	1292
321	462
321	1053
321	720
321	1905
321	914
321	1188
321	987
321	957
322	362
322	1639
323	324
323	1061
323	2385
323	394
323	332
323	562
323	2455
323	1050
323	447
324	2436
324	1123
324	562
324	2260
326	389
326	2265
326	409
326	2715
326	544
326	2344
326	327
326	584
326	2503
326	328
326	2380
326	1963
326	2385
326	2259
326	2260
326	728
326	2010
326	2275
326	2023
326	375
326	380
327	544
327	389
327	328
327	2380
327	375
327	2715
328	1769
328	1145
329	383
330	421
331	2049
331	1700
331	1162
331	1711
331	1238
331	440
331	441
331	1194
332	1770
332	2455
333	1272
333	1770
333	1779
333	2122
333	1765
334	2218
334	1613
334	1454
334	1587
334	756
335	336
336	937
336	337
336	531
336	948
337	338
337	1844
337	473
337	920
337	921
338	1648
338	389
338	437
338	1546
338	1368
338	347
338	2078
338	351
340	1480
340	2330
341	422
341	1511
341	650
341	765
341	725
343	538
344	345
344	346
344	1948
345	1712
345	346
345	1948
346	1953
347	1648
347	1649
347	1657
347	2111
347	348
347	351
348	1657
348	1580
349	907
349	782
349	1175
351	389
351	1559
351	538
351	624
351	1320
351	939
351	1965
351	1454
351	2355
351	961
351	587
351	588
351	352
351	353
351	354
351	364
351	374
351	506
352	353
352	354
352	587
353	2293
353	1319
353	1320
353	1653
353	537
353	538
354	961
354	479
354	1068
355	486
355	369
355	370
355	2677
357	1073
357	1339
357	2277
357	358
358	2277
358	2017
358	1962
358	550
358	2028
358	1965
358	1073
358	2358
358	409
358	2010
358	1339
358	414
358	469
361	577
361	1475
361	1508
361	1258
361	568
362	758
362	2109
363	2348
364	458
364	2025
364	2026
364	419
365	2345
365	782
365	508
365	2014
366	520
366	2524
367	368
367	385
367	1559
367	550
367	1895
368	385
368	550
368	1895
368	2669
368	2042
369	468
369	370
370	2340
370	1583
370	1077
370	2260
370	2017
370	486
370	2023
370	2343
370	373
370	468
370	1275
370	380
371	2054
372	2190
372	698
372	418
373	424
373	2242
373	2260
373	2023
373	1275
373	380
374	2273
374	506
374	721
374	1516
375	2241
375	971
375	389
375	425
375	2380
375	2715
376	961
376	986
377	2340
377	519
377	1562
377	2023
377	1004
377	1965
377	2352
377	1103
377	1584
377	1170
377	531
377	2330
377	1583
377	2010
377	2335
378	898
378	1926
378	2118
378	2409
378	722
379	2692
379	1584
379	1938
379	1941
379	380
380	2692
380	389
380	519
380	1938
380	531
380	2324
380	1941
380	2328
380	2075
380	2335
380	2340
380	425
380	1454
380	1583
380	564
380	2229
380	1849
380	2625
380	2385
380	2010
380	2015
380	1275
380	2023
380	2295
380	2345
381	1339
381	1885
381	382
384	385
384	1634
384	1894
384	2057
384	588
384	546
384	2350
384	721
384	2068
384	1173
384	2262
385	531
385	1173
385	2032
385	546
385	2340
385	1960
385	1961
385	588
385	1492
385	2262
385	1751
385	550
385	1894
387	388
387	1807
387	429
387	863
388	429
388	863
389	1544
389	1680
389	2328
389	1555
389	2715
389	2335
389	1956
389	425
389	2348
389	1454
389	564
389	2229
389	2015
389	2295
389	1343
389	2379
389	2380
389	2385
389	2028
389	1275
390	391
392	1275
392	1382
393	1664
393	1620
393	563
393	1692
394	1050
394	1035
394	1762
394	1227
395	1782
396	397
397	1097
398	1116
398	399
400	1811
400	2719
401	1453
402	1798
404	2337
405	504
405	1970
405	487
406	616
408	594
408	831
409	2246
409	2016
409	2343
409	732
409	2023
409	1263
409	851
409	410
409	2341
410	2625
410	2028
411	2533
411	466
411	412
411	1886
412	811
412	758
412	471
412	1884
412	1886
413	1315
413	2491
414	2570
414	1315
414	550
414	1969
414	2491
414	2238
414	1861
414	1873
414	469
414	2134
414	2135
414	2028
414	1901
414	2542
414	2261
415	1457
416	1386
416	1332
416	1778
416	807
417	1641
417	1554
418	420
418	2190
422	2034
422	765
422	725
424	1073
424	946
424	2260
424	954
424	2014
425	2292
425	1454
425	2335
425	2355
425	564
425	2328
425	1497
425	2379
425	1275
425	2015
426	1102
426	944
426	1330
426	2614
427	1949
427	857
427	1951
429	863
430	1155
430	431
434	1149
435	1462
436	2272
436	1614
439	944
440	1410
440	1700
440	1162
440	1780
440	1909
440	441
441	1410
441	1383
444	730
444	515
444	2215
447	2385
449	1924
449	1061
450	803
451	1673
451	823
452	453
453	1701
454	455
454	733
461	499
462	1909
462	1229
463	492
463	1637
463	870
464	610
466	804
466	652
466	1643
467	2260
468	2646
469	550
469	2028
469	470
469	2650
470	2650
470	2381
471	1864
471	649
471	1564
472	1710
472	870
473	931
473	1029
473	1128
473	483
473	1135
473	530
473	691
473	920
473	921
473	709
474	1601
474	869
474	650
474	706
474	591
474	1966
474	1175
474	1946
475	477
476	1156
476	482
476	483
476	532
478	1416
478	479
479	1416
479	483
479	482
481	1646
481	1128
482	483
482	870
483	691
487	488
487	1042
489	1560
489	538
489	1645
491	913
492	1733
492	1169
492	1231
492	497
492	498
492	505
495	1061
497	714
497	1231
498	1733
500	1293
501	1529
501	619
504	1970
505	1733
505	1231
506	1602
506	1965
506	2319
507	2657
507	2260
508	904
508	2282
508	1941
509	733
509	1606
509	712
509	2383
509	2365
513	2648
513	2023
514	646
514	782
515	730
516	2148
516	1366
516	2398
519	546
519	1958
519	1513
519	1103
519	1584
519	883
519	1173
519	1562
519	1950
522	2355
522	1175
523	554
523	1546
525	944
528	1282
528	1684
528	1663
529	1122
529	612
529	614
529	615
529	616
529	1067
529	942
529	1016
529	946
529	984
529	986
530	1090
530	709
530	1030
530	1128
530	1321
530	691
530	988
531	2692
531	614
531	1960
531	1961
531	1169
531	1583
531	1170
531	1492
531	2262
531	1562
531	1086
531	2340
532	960
532	962
532	767
536	1215
537	1546
537	1653
537	695
537	1176
537	538
538	736
538	1320
538	1319
538	2293
538	1653
539	1211
539	621
539	1078
540	2076
540	541
541	2076
542	1139
542	915
542	933
543	1554
544	2344
544	2521
544	614
545	548
546	588
546	2669
546	1583
546	1173
546	1175
546	1789
546	1950
548	551
548	552
548	1642
548	1008
548	2035
550	2014
550	1895
550	2028
550	2189
550	1551
552	1008
552	1044
552	553
554	1546
556	1804
556	1805
560	1241
560	2588
562	2674
563	1192
563	1664
563	1620
563	1692
564	1454
564	2335
564	2328
564	1275
564	2015
567	2237
567	1767
568	1475
568	577
571	1080
571	1108
571	1758
571	1223
572	1748
572	573
572	2327
573	2327
577	1475
577	2199
580	1090
580	1030
580	1007
580	1008
580	1032
580	922
580	987
580	2108
581	2525
582	2097
583	584
584	1963
584	1883
587	684
588	1894
588	624
588	1173
591	869
593	1293
594	733
594	831
595	1320
595	1546
595	1653
596	2157
597	1483
598	653
600	602
600	765
603	985
603	1210
607	614
607	615
607	969
607	1177
607	986
607	1023
609	2207
610	1798
610	686
610	687
610	2132
610	1685
610	637
614	615
614	1331
614	1227
614	1101
614	942
614	1037
614	946
614	1492
614	986
614	1086
615	1037
615	946
615	984
615	986
615	1086
615	1023
616	995
616	1067
616	946
616	916
616	984
619	1529
619	1883
620	1228
621	962
621	1127
621	1165
621	1078
621	1211
622	986
622	1050
624	933
624	939
624	1733
624	1011
624	1029
626	1040
626	1057
627	628
632	2056
632	1215
632	911
633	1729
637	2332
640	1387
642	2021
643	935
647	1194
647	1046
650	869
652	865
652	1571
654	1514
655	2136
655	1931
655	1806
656	746
657	868
659	1601
659	1965
659	2352
659	2261
659	2077
660	746
663	865
663	866
666	1110
668	1683
670	1215
674	1555
674	2380
678	1478
683	1568
683	685
684	1650
684	1651
684	1434
684	1690
685	1568
685	756
686	687
687	2244
687	933
687	1067
688	1155
689	1594
690	2342
691	1002
691	1068
695	1004
695	1176
696	1479
697	1994
699	1067
702	1149
703	801
705	1068
705	1015
708	1112
709	1128
709	988
711	1488
711	952
711	891
712	878
714	2456
714	1148
714	1733
714	1236
716	2052
720	1125
720	1094
720	1063
720	1101
720	1137
720	918
720	919
720	2139
720	958
720	991
721	2273
721	1511
721	2693
721	883
721	1492
721	1339
721	1957
722	898
722	1190
722	783
722	1851
724	898
724	822
725	1572
726	914
726	1213
726	1214
726	1087
729	730
732	2341
732	1511
732	2028
732	1965
732	733
733	1606
733	2383
733	2365
734	1681
734	1815
736	870
746	1901
755	1635
755	804
755	1581
755	757
756	1587
757	1635
757	1581
758	2109
762	996
765	1107
766	1198
767	960
767	962
769	1080
769	928
769	1156
769	1181
769	1844
777	1318
780	1552
780	1853
782	2014
782	1175
782	1950
783	1851
786	1967
790	947
791	1392
791	1389
796	1517
796	1973
804	1581
808	1793
808	1864
808	1996
821	1642
822	1193
822	1932
822	1517
823	1040
823	1057
823	1453
824	1088
824	1074
824	1245
826	1644
826	1110
826	1935
840	1781
842	1458
842	1459
843	1719
845	1245
847	2570
847	1315
847	2491
848	2444
849	2449
849	1900
849	850
850	2449
862	2025
865	1504
865	866
865	1571
865	1540
869	1966
869	1946
878	1500
880	1896
881	1965
881	2352
881	1367
881	2077
882	1750
883	1339
893	1570
896	1946
898	1585
898	1851
898	1597
905	960
905	962
911	2056
911	1215
912	1147
913	1977
914	1188
914	1003
914	1292
914	1905
915	1027
915	931
916	984
918	1148
918	919
919	1101
919	1137
919	2139
920	921
922	2108
922	1007
923	1320
923	1546
928	1181
928	1198
928	999
933	1124
933	1067
933	1139
934	970
935	1137
935	1782
935	1177
936	1085
936	1071
939	940
942	967
942	946
942	948
942	991
944	1129
944	1130
944	945
944	1330
944	2614
945	1777
945	1037
946	1073
946	1482
946	1008
946	984
946	991
950	1039
954	2260
955	962
955	1235
957	1905
958	1063
959	1794
960	962
960	1078
960	1561
960	1018
961	963
962	973
962	1078
965	1650
965	1651
965	1101
966	1035
967	2397
969	1081
969	1250
969	979
970	1248
971	2311
972	1063
973	1147
975	1165
975	1095
977	1762
979	1235
980	1189
983	1016
983	1234
983	1062
983	990
985	1699
985	1210
987	1053
987	1041
989	1028
990	1803
990	1157
990	1195
990	1016
990	1053
991	1008
991	995
992	1640
992	993
993	1640
994	1501
996	1074
997	1145
997	1762
997	1106
998	1120
998	1035
998	1015
999	1056
999	1198
1000	1010
1000	1083
1000	1164
1000	1087
1003	1188
1003	1292
1003	1905
1005	1396
1007	1008
1007	1032
1007	2108
1009	2155
1009	1777
1009	1250
1009	2099
1010	1083
1010	1035
1011	1029
1011	1158
1013	1014
1016	1122
1016	1603
1016	1054
1016	1142
1017	1018
1018	1371
1018	1070
1019	1020
1019	1021
1020	1021
1025	1093
1025	2431
1026	2415
1027	1292
1028	1038
1029	1135
1030	1090
1033	1034
1035	1120
1035	1083
1035	1662
1036	2609
1037	1777
1037	1192
1037	1671
1037	1103
1037	1223
1037	2271
1039	1063
1040	1057
1041	1183
1042	1189
1046	2696
1046	1769
1046	1194
1052	1968
1053	1137
1053	1782
1055	1101
1056	1198
1061	1381
1061	1656
1061	1654
1062	1227
1065	1066
1070	1371
1071	1184
1073	1752
1074	1088
1076	1077
1077	2340
1077	2343
1077	1275
1077	2335
1078	1211
1080	1156
1080	1758
1081	1250
1083	1096
1083	1138
1086	2023
1086	1101
1086	1275
1087	1227
1087	1214
1093	2431
1096	1250
1096	1138
1099	1792
1099	2340
1099	1100
1103	1123
1103	2413
1103	1584
1103	1137
1103	2391
1103	1562
1103	2427
1103	2271
1106	1229
1106	1111
1108	1123
1108	1223
1108	1784
1108	1180
1108	1758
1108	1759
1110	2073
1110	1644
1110	1935
1111	1112
1116	1414
1118	1183
1119	2171
1123	1137
1123	1223
1123	2271
1123	1777
1123	1971
1123	1887
1123	1180
1123	1759
1124	1473
1124	1474
1127	1165
1130	1763
1137	1762
1137	1763
1137	1777
1137	1138
1137	1782
1137	1245
1137	2271
1138	1250
1138	1245
1142	1177
1143	1183
1145	1762
1158	1445
1162	2049
1162	1335
1162	1194
1162	1303
1167	1430
1168	1909
1169	1562
1169	1231
1170	2188
1170	1965
1170	2352
1170	2261
1170	1592
1170	2330
1170	2010
1172	1175
1173	1894
1173	2350
1173	1175
1173	1241
1173	1789
1173	1950
1175	1789
1175	2355
1178	1784
1178	1777
1178	2271
1180	1784
1180	1782
1180	1759
1186	1649
1186	1268
1186	1228
1188	1905
1188	1292
1192	1671
1193	1243
1193	1932
1193	1517
1194	2696
1194	1769
1201	1440
1205	1436
1211	1620
1213	2277
1213	2030
1213	2450
1213	1214
1213	2335
1215	2056
1215	1812
1216	1389
1216	1806
1216	1415
1223	1763
1223	1777
1223	1783
1223	2271
1223	1758
1223	1759
1229	1336
1229	1713
1234	1917
1241	2350
1249	2693
1255	1378
1255	1794
1258	1508
1268	1418
1268	1925
1272	1784
1272	2122
1272	1779
1272	1765
1275	2328
1275	2335
1275	2340
1275	1454
1275	2139
1275	2083
1275	2015
1275	2023
1275	2343
1282	1684
1282	1663
1284	1285
1292	1905
1303	2049
1315	2570
1315	2491
1318	1619
1319	1320
1319	1653
1319	2293
1320	2293
1320	1546
1320	1653
1320	1559
1320	1695
1330	2614
1331	1762
1336	1713
1336	1337
1339	2277
1339	1957
1350	1522
1350	1570
1366	2398
1368	1904
1368	1518
1368	1555
1369	1754
1372	2582
1375	1784
1375	1759
1381	1656
1381	1610
1381	1654
1381	1655
1385	1389
1386	1675
1389	1392
1389	1806
1399	2292
1405	1728
1405	1638
1405	1919
1410	1707
1411	1644
1414	1415
1415	2327
1421	2136
1421	1806
1422	1427
1422	1743
1427	1433
1433	1743
1434	1690
1443	2268
1443	1837
1443	2513
1443	2070
1443	2012
1443	2431
1451	1728
1454	2015
1454	1559
1454	2059
1454	2335
1454	2328
1458	1459
1459	1544
1462	1711
1467	1617
1473	1474
1476	1647
1476	1559
1477	2520
1480	2330
1482	2342
1483	1884
1491	1492
1492	1960
1492	1961
1492	1963
1492	2262
1493	1553
1493	1634
1493	1578
1494	2407
1496	1585
1497	2257
1504	1565
1504	1573
1505	2123
1511	2028
1511	1965
1512	1532
1513	1514
1513	1515
1514	1515
1514	2322
1514	2260
1516	2273
1517	1639
1517	1866
1517	2383
1517	1973
1517	2492
1517	2218
1518	1584
1518	2260
1518	1559
1522	1570
1523	1524
1530	1791
1530	2133
1531	1532
1542	2095
1543	1544
1543	1545
1546	1653
1549	1957
1549	2492
1549	1639
1551	2189
1552	1853
1553	1634
1553	1578
1554	1874
1555	1922
1555	1904
1555	2583
1555	1752
1555	1849
1555	2328
1557	2014
1557	1950
1558	1642
1559	1647
1562	1584
1565	1573
1566	1573
1578	1634
1580	1652
1581	2156
1583	1938
1583	2330
1583	2335
1583	1584
1583	2010
1583	2669
1585	1597
1592	2188
1595	2075
1601	2223
1602	2319
1602	2256
1602	2102
1602	2109
1604	1605
1606	2365
1610	1656
1610	1654
1610	1655
1613	2218
1613	1717
1614	2593
1617	1784
1617	1945
1620	1692
1628	1874
1637	2104
1638	1728
1638	2201
1638	1919
1639	1866
1639	2492
1639	2218
1640	2336
1641	1746
1644	1935
1648	1657
1648	2111
1650	1711
1650	1651
1650	1658
1650	1690
1651	1658
1651	1690
1653	2293
1654	1655
1654	1656
1654	1661
1655	1656
1656	1661
1657	2111
1658	1711
1663	1684
1664	1692
1666	2050
1680	1956
1680	2295
1687	2355
1698	1701
1713	1929
1725	1756
1728	1919
1751	2521
1751	2324
1751	2340
1753	2004
1754	2231
1756	1776
1758	2271
1758	1777
1758	1759
1759	1777
1759	2271
1762	1763
1762	2165
1762	1782
1763	2467
1763	1777
1764	2721
1765	1784
1765	2122
1765	1779
1767	2259
1767	2503
1769	2696
1771	1784
1774	1776
1774	1775
1775	1776
1777	1782
1777	2271
1779	2122
1780	2183
1781	1796
1782	2271
1784	2318
1784	1945
1790	2627
1791	1792
1791	2133
1792	2340
1793	1864
1794	2332
1803	2125
1806	1931
1807	1924
1810	2102
1811	2719
1824	2459
1834	2004
1837	2154
1837	2255
1837	2012
1837	2431
1846	1849
1848	2165
1848	2646
1848	2215
1849	2259
1849	2345
1849	2328
1849	2229
1849	2072
1851	1915
1861	1969
1861	2570
1861	2491
1866	2218
1866	2492
1873	1969
1873	2134
1884	2292
1884	1898
1886	2449
1895	2189
1895	2042
1895	1918
1901	1969
1901	2715
1904	2328
1913	2315
1913	2436
1918	2189
1926	2409
1935	2332
1938	2625
1938	2248
1938	2669
1938	2335
1938	2330
1939	2332
1941	2692
1941	2324
1941	2596
1942	1944
1942	1943
1943	1944
1944	2012
1946	1966
1949	1951
1950	1955
1950	2014
1956	2028
1956	2295
1960	2262
1960	1961
1962	2358
1965	2330
1965	2077
1965	2352
1965	2261
1965	2010
1965	2277
1965	2028
1969	2694
1969	2261
1969	2135
1969	2491
1971	2674
1980	2673
1981	2019
1985	2292
2002	2722
2005	2138
2005	2627
2007	2599
2010	2344
2010	2023
2010	2265
2010	2330
2010	2335
2012	2460
2012	2431
2014	2189
2015	2625
2015	2023
2015	2328
2015	2715
2015	2335
2016	2246
2023	2188
2023	2715
2023	2340
2023	2344
2023	2625
2023	2648
2023	2265
2023	2275
2025	2026
2037	2600
2037	2513
2037	2038
2038	2600
2038	2513
2057	2068
2057	2350
2057	2262
2068	2350
2068	2262
2070	2268
2075	2335
2077	2352
2081	2102
2102	2483
2102	2524
2102	2109
2134	2570
2134	2542
2135	2238
2135	2542
2148	2206
2154	2393
2154	2255
2158	2321
2165	2646
2188	2352
2188	2261
2188	2330
2204	2335
2218	2631
2218	2292
2218	2492
2220	2636
2220	2317
2229	2345
2229	2379
2229	2328
2231	2503
2231	2259
2231	2646
2231	2391
2237	2542
2248	2625
2253	2492
2255	2393
2256	2323
2256	2277
2259	2503
2259	2344
2259	2646
2260	2322
2260	2277
2262	2350
2265	2344
2275	2280
2277	2323
2277	2335
2278	2326
2292	2631
2310	2624
2310	2691
2311	2314
2315	2436
2317	2636
2324	2596
2328	2335
2328	2345
2330	2352
2330	2335
2335	2340
2335	2669
2340	2692
2340	2343
2343	2715
2344	2503
2365	2383
2380	2715
2397	2709
2413	2427
2451	2616
2460	2688
2471	2525
2491	2570
2495	2570
2502	2551
2503	2646
2512	2674
2513	2707
2534	2670
2549	2652
2595	2682
2625	2687
2625	2715
2627	2684
2628	2672
