1	2625
1	3
1	100
1	2089
1	2282
1	366
1	80
1	115
1	2102
1	1497
1	2524
1	285
2	5
2	6
2	2188
2	531
2	1170
2	2323
2	21
2	23
2	25
2	2330
2	2077
2	35
2	36
2	39
2	43
2	1965
2	2352
2	49
2	2228
2	2358
2	1592
2	1465
2	58
2	1339
2	67
2	97
2	467
2	2256
2	547
2	2260
2	2261
2	1367
2	1754
2	91
2	225
2	100
2	2277
2	2023
2	875
2	881
2	370
2	659
2	2292
2	373
2	375
2	377
2	1275
2	380
3	389
3	7
3	904
3	1938
3	1555
3	285
3	32
3	35
3	39
3	568
3	62
3	2625
3	326
3	2248
3	2260
3	1368
3	1497
3	92
3	100
3	101
3	2282
3	365
3	1904
3	115
3	508
3	2687
4	417
4	2348
4	15
5	35
5	264
5	74
5	1643
5	424
5	8
5	339
5	2260
5	373
5	1174
5	313
5	20
5	186
5	158
6	264
6	268
6	1170
6	21
6	2330
6	2715
6	414
6	1584
6	36
6	550
6	39
6	1965
6	1583
6	2352
6	49
6	2358
6	1592
6	698
6	97
6	2188
6	2261
6	2010
6	225
6	228
6	486
6	358
6	2028
6	377
6	469
7	115
7	1652
7	2260
7	326
8	2658
8	1643
8	1174
8	313
8	411
8	158
9	568
9	361
9	267
10	101
10	2344
10	1962
10	11
10	1640
10	2238
10	2335
11	187
11	36
11	1958
11	519
11	110
11	751
11	2195
11	538
11	155
11	1962
11	351
12	454
12	13
12	1606
12	733
13	733
13	454
13	1606
13	2383
13	509
13	220
13	2365
14	2289
14	1886
14	1598
14	71
15	419
15	302
15	239
15	1699
15	56
15	985
15	1530
16	481
16	359
16	266
16	17
16	947
16	29
17	481
17	359
17	364
17	300
17	240
17	29
17	350
17	351
18	19
18	2613
18	1767
19	2379
19	425
19	267
19	44
19	404
19	2619
20	339
21	389
21	1687
21	268
21	2449
21	23
21	283
21	414
21	2335
21	36
21	1542
21	550
21	39
21	299
21	2095
21	49
21	2355
21	56
21	187
21	61
21	63
21	64
21	67
21	197
21	70
21	72
21	74
21	75
21	338
21	467
21	469
21	470
21	91
21	351
21	224
21	225
21	38
21	358
21	2028
21	1517
21	69
21	375
21	1278
21	85
23	385
23	269
23	2064
23	531
23	24
23	25
23	35
23	37
23	39
23	1960
23	43
23	49
23	187
23	67
23	467
23	1492
23	2262
23	91
23	100
23	2023
23	239
23	240
23	370
23	373
23	375
23	2260
23	1275
23	380
23	254
24	409
24	1492
24	269
24	25
24	410
24	26
24	1962
24	1073
24	326
24	2275
24	468
24	91
24	2017
24	355
24	357
24	358
24	2023
24	2287
24	370
24	2677
24	724
24	382
25	2023
25	513
25	35
25	2275
25	39
25	2648
25	1275
25	43
25	269
25	49
25	370
25	851
25	373
25	2265
25	91
25	380
26	2017
26	1492
26	269
26	2287
26	2328
26	370
26	468
26	724
26	2495
26	92
26	382
26	2015
27	56
27	370
27	1492
28	1457
28	76
29	266
29	947
29	481
30	37
32	1792
32	2258
32	1603
32	2072
32	91
32	1791
33	938
33	1125
34	2025
34	474
34	706
35	39
35	424
35	43
35	49
35	1721
35	1086
35	66
35	74
35	76
35	2260
35	91
35	2023
35	2344
35	370
35	373
35	1275
35	380
36	384
36	385
36	519
36	2188
36	1170
36	2330
36	155
36	2077
36	2335
36	38
36	1959
36	424
36	1965
36	2352
36	56
36	187
36	2109
36	67
36	197
36	712
36	467
36	85
36	470
36	91
36	2014
36	97
36	1958
36	1895
36	106
36	39
36	362
36	2261
37	385
37	187
37	868
37	1958
37	1175
37	588
37	782
37	381
37	624
37	1938
37	507
37	1885
37	351
38	385
38	389
38	519
38	2189
38	531
38	2335
38	1955
38	424
38	1965
38	49
38	187
38	712
38	469
38	2340
38	102
38	106
38	1517
38	115
38	249
38	381
38	1278
39	384
39	2188
39	1170
39	531
39	2330
39	2077
39	2078
39	43
39	1965
39	2352
39	49
39	1592
39	2109
39	2249
39	721
39	338
39	2261
39	2521
39	91
39	97
39	2023
39	362
39	1767
39	881
39	370
39	1043
39	373
39	375
39	377
39	1275
39	380
39	2047
40	129
40	971
40	2089
40	2191
41	2321
41	42
41	403
41	2158
41	555
42	66
42	145
42	2158
42	2321
42	146
42	147
43	422
43	358
43	60
43	1275
43	2023
43	1586
43	2029
43	496
43	49
43	370
43	373
43	91
43	380
43	74
44	134
44	2185
44	267
44	1549
44	1173
44	1687
44	280
44	295
44	296
44	297
44	1580
44	45
44	47
44	48
44	821
44	1599
44	66
44	75
44	587
44	595
44	1500
44	351
44	352
44	1381
44	1652
44	1654
44	247
44	123
44	2044
45	225
45	1381
45	295
45	296
45	297
45	1549
45	531
45	1652
45	1173
45	1654
45	247
45	123
45	1599
46	441
46	1410
46	1383
47	230
47	70
47	2185
47	1642
47	48
47	339
47	821
47	1558
47	247
47	1546
48	352
48	227
48	75
48	619
48	821
48	758
48	247
48	1500
48	2109
48	1687
48	351
49	389
49	523
49	169
49	50
49	698
49	70
49	583
49	584
49	1275
49	77
49	338
49	339
49	85
49	1883
49	351
49	227
49	228
49	486
49	230
49	2023
49	619
49	1517
49	370
49	373
49	91
49	380
49	1278
49	469
50	523
50	227
50	228
50	229
50	584
50	169
50	619
50	1883
50	1532
51	722
51	53
53	1219
53	1988
53	1190
53	78
53	722
53	1748
53	378
54	1377
54	1895
54	1554
54	368
54	385
54	210
54	2042
54	1874
54	2079
55	1339
55	1947
55	1964
55	1491
56	67
56	1947
56	197
56	262
56	187
56	467
56	2335
56	721
56	91
56	1491
56	1492
56	470
56	1339
56	85
57	353
57	2562
57	323
57	997
57	326
57	327
57	328
57	426
57	427
57	1292
57	2385
57	1330
57	375
57	1145
57	217
57	538
57	447
58	1377
58	225
58	1583
58	531
58	2324
58	379
58	380
60	81
60	74
60	422
60	358
61	546
61	1542
61	231
61	2095
61	113
61	2191
61	2014
62	2603
62	2482
63	64
63	224
63	69
63	70
63	72
63	74
63	75
63	1420
63	206
63	2064
63	2386
63	1542
63	283
64	1153
64	130
64	1542
64	391
64	1538
64	282
64	283
64	1950
64	197
64	163
64	390
64	299
64	65
64	69
64	70
64	72
64	73
64	74
64	75
64	80
64	84
64	224
64	1636
64	366
64	212
66	454
66	455
66	2383
66	507
66	220
67	100
67	187
67	197
67	265
67	1514
67	2335
67	115
67	2322
67	467
67	2260
67	470
67	68
67	2234
67	91
67	85
68	299
69	1153
69	130
69	163
69	197
69	70
69	391
69	72
69	1542
69	75
69	224
69	366
69	80
69	282
69	283
69	390
69	74
69	1950
70	1153
70	130
70	390
70	1690
70	283
70	282
70	1950
70	197
70	163
70	1542
70	684
70	72
70	74
70	75
70	80
70	339
70	224
70	366
71	2570
71	869
71	364
71	234
71	268
71	471
71	2618
71	74
71	1886
72	224
72	74
72	75
72	657
72	1542
72	600
72	602
72	283
73	274
73	84
73	127
74	1542
74	2570
74	1685
74	283
74	2336
74	1094
74	2342
74	424
74	190
74	1482
74	75
74	461
74	1231
74	547
74	2260
74	1500
74	224
74	422
74	358
74	362
74	364
74	373
74	502
74	505
75	770
75	1542
75	263
75	1687
75	283
75	425
75	2355
75	2109
75	318
75	220
75	351
75	224
75	758
75	247
75	506
75	1500
76	1086
76	2547
77	225
77	227
77	230
77	2311
77	2314
78	176
78	177
78	378
78	1190
79	1595
79	113
79	520
79	207
79	112
79	209
79	1972
79	2075
79	2076
79	2238
80	130
80	163
80	1153
80	390
80	366
80	1589
80	2074
80	1052
80	1950
80	197
81	369
81	355
82	2337
84	224
85	2265
85	409
85	2335
85	219
85	326
85	2343
85	2344
85	1583
85	1584
85	1077
85	187
85	197
85	2246
85	467
85	470
85	2340
85	2010
85	91
85	92
85	351
85	2016
85	2275
85	2276
85	101
85	2023
85	2280
85	1518
85	370
85	1275
87	321
87	1122
87	1125
87	139
87	720
87	529
87	1016
87	88
87	1055
88	874
88	939
89	99
91	1792
91	409
91	2692
91	2072
91	2115
91	2335
91	1957
91	1962
91	1339
91	197
91	1099
91	2083
91	470
91	2263
91	2340
91	2139
91	187
91	2023
91	370
91	467
91	373
91	1275
91	380
91	1791
92	389
92	2570
92	2328
92	409
92	286
92	2335
92	425
92	1454
92	564
92	197
92	2253
92	851
92	2015
92	2280
92	380
92	2282
92	1275
92	508
92	106
93	1184
93	516
93	777
93	1071
93	2398
93	1366
93	94
94	1794
94	867
94	2052
94	716
94	1240
94	401
94	1366
94	280
94	284
94	766
95	323
95	2308
95	1053
95	273
95	824
95	922
95	1245
96	353
96	351
97	1043
97	2249
97	1130
97	1767
97	98
97	2109
97	2322
97	1331
97	2260
97	1846
97	2231
97	2521
97	1754
97	284
97	362
97	2047
98	1762
98	217
98	326
98	2503
98	106
98	2215
98	2188
98	1767
98	1073
98	2259
98	2165
98	2646
98	2231
98	1848
98	1369
98	1754
98	2275
99	2421
100	101
100	2625
100	2248
100	467
100	2328
100	2260
100	2072
100	1497
100	285
101	1275
101	2625
101	2343
101	2248
101	268
101	370
101	2344
101	1938
101	1077
101	1559
101	2340
101	410
101	2335
101	380
101	285
101	2238
101	2687
102	363
102	2340
102	389
102	105
102	1483
102	268
102	240
102	531
102	115
102	373
102	601
102	2330
102	381
102	2335
103	1056
103	1027
103	999
103	946
103	622
103	1106
103	958
105	516
105	422
105	298
105	1885
105	2385
105	564
105	373
105	1492
105	570
105	381
105	2335
106	385
106	424
106	2570
106	2231
106	538
106	1275
106	2014
106	2335
107	353
107	538
108	2652
108	109
108	2549
109	1123
109	2549
109	1887
110	1962
110	2195
111	249
112	113
113	276
115	2335
115	2340
115	2102
115	363
115	2348
115	2081
115	531
115	2260
115	326
115	2230
115	2023
115	2086
115	2524
115	381
115	389
116	1937
116	2659
116	2684
116	117
117	1525
118	1303
119	593
119	500
119	1293
120	504
120	1970
120	484
120	405
120	485
121	522
121	301
121	1172
121	1077
121	1175
121	123
122	1572
123	295
123	296
123	297
123	301
123	1502
124	488
124	1004
124	1189
124	910
124	909
125	196
125	422
125	424
125	464
125	2034
125	2035
125	223
125	221
125	126
125	127
126	1189
126	1093
126	487
126	424
126	695
126	1004
126	223
126	1042
126	2035
126	983
126	127
126	991
127	196
127	422
127	424
127	1546
127	1004
127	221
127	2034
127	2035
127	695
127	537
127	223
128	2035
128	1599
129	2089
130	1153
130	163
130	391
130	366
130	390
130	1950
130	197
131	1678
132	1642
132	1558
133	1881
134	135
134	1320
134	595
134	1653
134	247
134	1695
135	353
135	523
135	1320
135	201
135	554
135	1547
135	144
135	200
135	338
135	595
135	1556
135	2128
135	1648
135	1546
136	1008
136	1032
136	580
136	1030
136	1007
137	1658
138	2179
138	1765
138	2122
138	1779
138	1686
138	1272
139	674
139	423
139	2345
139	2380
139	365
139	1904
139	1555
139	1108
140	832
141	1155
141	1156
141	430
141	431
142	419
144	200
144	1546
144	1648
144	1320
144	338
144	595
144	1556
144	1653
144	1368
145	465
145	147
145	2158
146	2321
146	2158
147	2158
147	465
148	653
148	598
148	149
149	653
149	598
150	1532
150	484
152	722
153	2340
153	564
153	2335
154	1637
154	1453
154	463
154	1040
154	823
154	925
155	1958
155	519
155	2033
155	187
155	156
156	1153
156	765
157	1035
157	2565
157	1662
158	1552
158	2658
158	780
160	593
160	1293
163	1153
163	389
163	380
163	299
163	205
163	366
163	212
163	197
163	390
163	1950
163	166
164	1601
164	238
164	2223
164	1717
164	474
164	1435
165	248
165	239
167	1377
168	928
168	257
168	1124
168	1063
168	1196
168	1039
169	227
169	550
169	584
169	619
169	1883
170	1950
171	577
171	898
171	411
171	172
171	1585
171	466
171	1475
171	283
171	1597
172	411
172	869
172	522
172	1475
172	591
172	466
172	2355
172	755
172	1175
172	283
172	1597
173	174
173	175
174	193
174	514
174	261
174	262
174	2241
174	782
174	175
174	2256
174	2319
174	1602
174	1717
174	1367
174	1979
175	193
175	514
175	261
175	262
175	2241
175	782
175	1979
176	177
178	1888
178	2209
178	293
178	2473
178	2257
178	1497
179	1890
180	181
184	884
184	565
186	264
186	1792
186	1483
186	2262
187	385
187	1954
187	1959
187	519
187	1958
187	2335
187	467
187	470
187	197
187	2340
188	464
188	360
189	2053
189	190
190	420
190	2053
190	307
190	372
190	2078
190	502
190	1886
192	2292
192	1884
193	514
193	1488
193	564
193	782
194	2657
194	937
194	237
194	238
194	336
194	920
194	507
196	1154
196	197
196	422
196	2515
196	2034
196	2035
197	1153
197	389
197	390
197	2062
197	282
197	1950
197	2335
197	422
197	1454
197	286
197	467
197	212
197	213
197	470
197	2028
197	366
197	381
198	267
198	244
198	549
200	554
200	1546
201	2128
201	595
205	1955
205	1950
206	266
206	411
206	1420
207	1595
207	1596
207	2076
207	1520
207	209
207	1423
207	1454
207	380
207	2074
207	2075
207	540
207	541
209	1520
209	2075
209	1423
210	1420
210	2020
211	1203
211	212
211	213
212	299
212	1420
212	1648
212	213
212	282
213	1203
216	323
216	1061
217	571
217	326
217	2275
217	328
217	299
217	285
217	2296
217	947
217	1145
217	728
217	447
217	2557
217	959
218	291
218	1031
218	297
218	295
218	560
218	1241
218	219
218	2588
219	291
219	295
219	2280
219	297
219	1517
219	560
219	2392
219	2492
219	1278
220	1483
220	712
220	2383
220	509
220	733
223	695
224	2355
224	1687
224	1542
224	283
225	2311
225	2314
225	268
225	531
225	414
225	543
225	550
225	519
225	1583
225	2334
225	1492
225	469
225	226
225	358
225	231
225	2028
225	883
225	247
225	380
227	523
227	228
227	229
227	230
227	584
227	619
227	339
227	821
227	1883
228	229
228	583
228	584
229	1532
229	1531
230	1546
230	923
231	543
234	649
234	471
234	2598
234	1478
235	281
237	238
238	1601
239	265
239	240
239	248
239	313
240	265
240	268
240	1873
240	1278
240	341
240	414
240	364
240	1822
240	351
241	242
244	267
244	549
245	267
245	1508
245	341
245	246
245	1511
246	1508
247	352
247	587
247	2185
247	531
247	595
247	1652
247	821
247	1687
247	1500
248	1508
248	361
248	341
248	342
249	2055
249	1965
250	2034
250	422
251	2332
252	1374
253	566
256	522
257	928
257	258
257	1124
257	1063
257	1196
257	1132
257	1039
258	1132
258	343
259	2340
259	260
259	581
260	1852
260	1967
261	2017
261	262
261	366
261	760
262	2017
262	1491
262	1275
262	2236
264	1483
264	564
264	597
265	1514
265	2322
265	2260
265	2234
266	711
266	267
266	1900
266	1619
266	947
267	577
267	578
267	1508
267	711
267	1483
267	597
267	1488
267	300
267	568
267	361
267	1580
268	904
268	269
268	1559
268	410
268	414
268	550
268	1584
268	2625
268	469
268	1886
268	358
268	2280
268	2028
268	360
268	379
268	2687
269	2017
269	324
269	724
269	2023
269	2436
269	2287
269	1584
269	370
269	1492
269	379
269	468
269	382
270	476
271	960
271	1696
271	272
271	1561
272	960
272	962
272	905
272	970
272	532
272	1078
272	1561
272	1018
272	559
272	767
273	323
273	1125
273	615
273	1292
273	1027
273	986
273	607
274	722
274	783
274	2019
274	657
275	316
275	2402
275	323
275	324
276	1622
277	1009
277	610
277	2155
278	342
280	611
280	2052
280	933
280	716
280	1067
280	687
280	561
280	2517
280	1240
280	2044
281	2449
282	390
282	391
282	1542
282	438
283	1569
283	466
283	1542
283	343
283	1525
283	894
284	2312
284	1130
284	285
284	286
285	2324
285	2625
285	904
285	2282
285	365
285	2257
285	1938
285	380
285	1941
285	1497
285	2249
285	2248
285	508
285	286
285	2047
286	2625
286	324
286	326
286	327
286	2344
286	2282
286	365
286	782
286	2257
286	2260
286	1454
286	2249
286	2436
286	2014
286	2047
287	288
288	289
288	724
288	822
289	1241
289	295
290	304
291	2496
291	560
291	581
291	1517
291	784
291	2392
291	2492
292	1450
292	948
292	293
293	416
293	1665
293	1385
293	1738
293	1264
293	948
293	2166
293	2491
294	840
294	826
294	1781
294	1366
295	1031
295	296
295	297
295	1575
295	1517
295	1549
295	2253
295	1241
295	313
295	2492
295	1278
296	297
297	1574
297	1031
297	1517
297	1549
297	822
297	313
297	2492
297	1575
297	1278
298	570
298	516
298	2385
299	389
299	338
299	2296
299	2557
300	577
301	387
301	1077
302	2690
302	419
302	520
302	364
302	366
302	592
303	944
303	1227
304	305
306	407
306	1869
306	2055
307	362
308	324
308	2322
308	2260
308	373
308	1514
309	2570
309	2495
310	1691
310	1638
310	311
311	832
311	1638
311	1654
311	1691
311	317
312	1632
312	451
312	1668
312	1669
312	1673
312	334
312	534
312	313
313	1175
313	1174
313	1559
313	796
313	414
313	1571
313	1574
313	2218
313	685
313	1454
313	1969
313	1587
313	948
313	1973
313	1613
313	334
313	1241
313	1643
313	1517
313	756
316	1330
316	426
316	325
317	1395
317	1654
318	2355
318	2377
318	2719
318	425
320	329
321	1762
321	580
321	1125
321	1041
321	1003
321	1292
321	462
321	720
321	1905
321	914
321	1188
321	987
321	1053
321	389
322	362
323	1824
323	2562
323	324
323	1061
323	2385
323	1292
323	394
323	2455
323	332
323	953
323	1050
323	447
323	2611
324	2466
324	2436
324	2344
324	2315
324	1123
324	2455
324	2260
325	596
325	1796
326	515
326	2265
326	409
326	544
326	2344
326	327
326	947
326	2503
326	328
326	2259
326	2260
326	728
326	2010
326	2275
326	2023
327	544
327	328
327	947
328	1769
328	1145
329	434
329	815
329	383
331	2049
331	1155
331	1700
331	1238
331	1162
331	430
331	1711
331	1045
331	1046
331	440
331	441
331	1146
331	1194
332	1770
332	564
332	2455
333	1379
333	1765
333	1255
333	1448
333	2122
333	1772
333	1779
333	1272
334	2218
334	1613
334	1587
334	756
335	336
336	337
336	937
336	492
336	1169
336	531
336	1085
337	931
337	338
337	1844
337	473
337	920
337	921
338	1648
338	389
338	437
338	1546
338	1368
338	2078
338	351
340	1480
340	2330
340	458
341	422
341	1511
341	650
341	342
341	765
341	1278
341	725
343	538
344	1712
344	345
344	346
344	1948
345	1712
345	346
345	1948
346	1953
346	1712
347	2243
347	1648
347	1649
347	1657
347	351
347	348
347	2111
348	1648
348	1657
348	1580
348	2111
349	1506
349	907
350	1248
350	1504
351	389
351	1559
351	538
351	624
351	1320
351	1965
351	1454
351	2111
351	352
351	587
351	588
351	353
351	354
351	364
351	374
351	506
352	353
352	354
352	587
352	821
353	354
353	2293
353	1319
353	1350
353	1064
353	1320
353	595
353	1653
353	537
353	538
354	1068
354	374
354	479
355	486
355	369
355	370
355	468
355	2677
357	2277
357	358
357	2031
357	1073
357	1339
358	422
358	409
358	414
358	550
358	1962
358	1965
358	1073
358	2358
358	1339
358	2017
358	469
358	2010
358	2277
358	2028
358	2030
358	2031
360	1541
360	577
361	1508
361	839
361	1258
361	568
362	2336
362	758
362	1500
362	2109
363	2348
364	458
364	2570
364	419
364	2025
364	2026
365	2345
365	2282
365	782
365	1904
365	2328
365	2014
365	2072
365	508
366	2690
366	1153
366	520
366	390
366	592
366	2524
366	1950
367	368
367	1559
367	1895
368	550
368	1895
368	2189
368	2042
370	2340
370	1583
370	1077
370	2260
370	2017
370	486
370	2023
370	2343
370	884
370	373
370	468
370	1275
370	380
371	2054
372	698
372	420
372	418
373	904
373	424
373	2242
373	468
373	2023
373	2260
373	1275
373	380
374	2273
374	1516
374	721
374	506
375	2241
375	971
376	961
376	986
376	1069
377	2352
377	519
377	1004
377	1965
377	1103
377	1584
377	1170
377	531
377	1847
377	1528
377	2330
377	2299
377	1562
377	2335
378	898
378	2118
378	1926
378	2409
378	722
379	2089
379	1584
379	1938
379	380
380	2692
380	389
380	519
380	1559
380	531
380	2324
380	1941
380	2328
380	2075
380	2335
380	1595
380	1954
380	2340
380	424
380	425
380	1454
380	1583
380	564
380	2229
380	1849
380	543
380	2625
380	2260
380	2010
380	2015
380	1275
380	2023
380	1895
380	2295
380	2345
380	541
381	2335
381	1339
381	2340
381	422
381	389
381	782
381	531
381	1492
381	1175
381	1885
381	382
383	434
384	385
384	2262
384	1894
384	2057
384	2350
384	721
384	2068
384	1846
385	518
385	519
385	531
385	1960
385	1961
385	2350
385	588
385	1492
385	2262
385	1751
385	2340
385	550
385	1894
385	2032
386	984
386	529
386	1095
386	612
386	975
387	429
387	863
387	388
387	1807
388	1155
388	429
388	863
389	1544
389	1680
389	531
389	1941
389	2328
389	2074
389	1309
389	2335
389	1956
389	425
389	2348
389	1454
389	1523
389	564
389	2229
389	479
389	2015
389	1343
389	580
389	2379
389	2385
389	2340
389	2028
389	1555
389	1524
389	2295
389	1275
390	1153
390	391
390	1542
390	1950
391	1542
392	1275
392	1382
393	1664
393	1099
393	1100
393	563
393	1620
393	1692
394	1050
394	1035
394	1762
394	1227
396	397
397	1097
398	399
400	2719
401	1286
401	1453
402	2020
402	1798
405	504
405	1970
405	487
406	616
406	683
406	685
409	2246
409	2016
409	2372
409	2343
409	732
409	2023
409	851
409	410
409	2341
410	2625
410	2130
411	577
411	1475
411	2533
411	466
411	412
411	1886
412	811
412	758
412	471
412	1884
412	1886
413	1315
413	2491
414	2570
414	2588
414	1315
414	550
414	560
414	1969
414	2491
414	2238
414	1861
414	454
414	455
414	1873
414	469
414	2134
414	2135
414	2028
414	2542
414	756
415	1457
415	659
415	2337
416	807
416	1386
416	1675
416	1778
416	1332
417	1554
418	420
421	462
422	765
422	1639
422	2034
422	2035
422	725
424	1895
424	2014
424	2335
424	1073
424	946
424	2260
424	954
424	543
425	2379
425	2356
425	1454
425	2335
425	2355
425	564
425	2328
425	1497
425	1275
425	2015
426	1442
426	944
426	1330
426	2614
427	1949
427	1951
428	1116
429	863
430	2049
430	1155
430	431
430	688
430	435
431	688
431	1155
432	1400
433	2104
433	1895
433	2119
434	1149
435	1462
436	2272
437	871
437	1967
439	944
440	1410
440	1700
440	1238
440	1162
440	1780
440	1909
440	1462
440	441
440	1146
441	1410
441	1383
441	1462
443	1126
444	730
444	515
447	2385
449	1924
449	1061
449	1807
450	994
450	803
451	1632
451	534
451	1673
452	1035
452	453
453	1035
453	1701
454	455
454	733
455	756
458	689
459	505
459	460
459	461
459	1231
460	505
460	461
460	1231
461	547
461	492
461	1231
461	499
461	502
461	505
462	1229
462	1909
463	547
463	1637
463	870
463	487
463	492
463	1231
466	804
466	869
466	652
466	1475
466	755
466	1597
467	2335
467	2260
467	470
468	2017
468	2246
468	486
468	2646
468	2341
469	1600
469	550
469	2028
469	1517
469	470
469	1278
469	2650
470	1600
470	2335
470	2650
471	2598
471	1864
471	649
471	1564
472	1710
472	870
473	931
473	1029
473	1128
473	483
473	530
473	691
473	920
473	921
473	709
474	1601
474	869
474	650
474	2635
474	706
474	591
474	796
475	477
476	482
476	483
476	1291
476	532
476	926
478	1416
478	711
478	479
479	483
479	1416
479	482
479	1139
479	1309
481	711
481	1128
481	1646
481	1332
482	483
482	870
483	691
483	532
486	2246
486	884
486	2341
487	547
487	1189
487	488
487	492
487	1004
487	1042
487	2035
487	1231
488	2035
488	909
489	1560
489	1645
491	913
492	547
492	1733
492	1231
492	1169
492	498
492	497
492	505
492	1085
493	531
493	495
494	531
494	2029
494	2287
495	936
495	531
495	1061
496	2029
497	714
497	1733
497	1231
498	1733
498	1231
500	1293
501	1529
501	1562
501	619
502	547
502	1231
502	505
504	1970
505	547
505	1733
505	1231
506	1602
506	1965
506	2319
507	2657
507	2379
508	904
508	2282
509	733
509	1606
509	712
509	2383
509	2365
513	2648
513	2412
513	2023
514	782
515	730
516	2385
516	1366
516	2398
518	1962
518	531
518	1492
518	2061
519	546
519	1958
519	1959
519	1513
519	1584
519	1103
519	883
519	1173
519	1559
519	1562
519	1950
519	2340
520	2690
520	592
520	1553
522	2355
522	1175
523	1546
523	554
525	944
525	835
525	756
526	1913
528	1684
528	1663
529	612
529	614
529	615
529	616
529	1067
529	1122
529	942
529	1016
529	946
529	984
529	580
529	986
530	1090
530	709
530	1030
530	1128
530	1321
530	1101
530	691
530	1019
530	988
531	2692
531	1169
531	1170
531	1562
531	2287
531	2335
531	2340
531	1960
531	1961
531	1583
531	1086
531	1094
531	1492
531	2262
531	614
531	2029
531	936
532	960
532	962
532	767
534	1632
534	1015
536	1215
537	1546
537	1653
537	695
537	1176
537	538
538	736
538	2039
538	1319
538	1320
538	1104
538	2129
538	2293
538	595
538	1653
538	954
539	1211
539	621
539	1078
540	2076
540	541
541	1595
541	1454
541	2075
541	2076
542	1139
542	933
543	1895
543	1554
543	2260
543	1559
543	1722
543	2335
544	2344
545	548
545	934
545	936
545	1033
545	970
545	720
545	919
545	1034
546	1955
546	550
546	2014
546	2669
546	1789
546	1173
546	1175
546	1583
546	1950
547	2323
547	1231
548	551
550	2014
550	1895
550	2028
550	2189
550	1551
550	2174
552	1064
552	553
552	1044
554	1546
554	1547
554	1556
556	557
556	1804
556	1805
556	1421
559	960
560	1241
560	2588
562	953
562	2674
562	563
562	1692
563	1664
563	2674
563	1620
563	1692
564	1954
564	1770
564	2295
564	1454
564	2335
564	1559
564	1941
564	2328
564	1275
564	2015
567	2237
567	1767
568	577
568	1582
568	1475
568	1230
568	1497
570	2310
571	1108
571	1758
571	1223
572	1748
572	573
572	2327
573	2327
577	1541
577	1475
578	952
580	1090
580	1030
580	1136
580	1007
580	1008
580	977
580	1032
580	983
580	987
582	2097
583	584
583	1434
583	684
584	1883
586	724
587	684
587	1690
588	1894
588	2057
588	2032
588	1173
588	2262
588	624
591	869
592	2690
593	1293
594	940
594	733
595	2128
595	1320
595	1319
595	1653
597	1483
598	796
598	653
600	1580
600	602
600	1500
600	765
603	985
603	1210
607	614
607	615
607	969
607	1177
607	986
607	1053
607	1023
608	2200
609	2550
609	2207
610	2132
610	1685
610	1798
612	984
614	1093
614	615
614	1331
614	1098
614	1227
614	1101
614	942
614	1037
614	986
614	1137
614	946
614	1492
614	1144
614	1053
614	1086
614	1023
615	1098
615	1037
615	946
615	986
615	2427
615	1086
615	1023
616	617
616	1067
616	946
616	916
616	984
617	916
619	821
619	1529
619	1883
620	1228
621	962
621	1127
621	1165
621	1078
621	1211
622	1050
624	939
624	1733
626	1040
626	1057
627	628
630	1005
632	2056
632	1215
632	911
633	1729
637	2332
640	1387
640	1939
641	1315
641	2491
642	2021
644	2499
644	2198
646	1683
647	1041
647	1194
647	1046
647	1183
649	1564
650	869
652	865
652	866
652	1571
652	1540
652	679
652	661
654	1514
655	2136
655	1931
655	1806
656	746
657	868
659	2352
659	2077
661	776
663	865
663	866
663	670
666	1299
666	1110
668	1683
670	865
670	1215
670	1812
674	1555
674	2380
676	1450
678	1478
680	2152
683	1568
683	685
684	1650
684	1651
684	1434
684	1690
685	1568
685	756
686	1058
687	1067
687	2244
687	933
688	1155
688	765
689	1594
690	2342
691	1002
694	695
695	1004
695	1176
696	1479
697	1993
697	1994
697	939
699	1099
699	1067
699	1100
699	1125
702	1075
705	1068
705	1015
708	1112
709	1096
709	1101
709	1137
709	1138
709	980
709	1128
709	988
711	712
711	1488
711	1618
711	952
711	891
712	878
712	891
712	733
713	1385
714	2456
714	1148
714	1733
716	1240
716	2052
716	2517
720	1125
720	934
720	936
720	1033
720	970
720	1101
720	918
720	919
720	2139
720	1034
720	991
721	2273
721	1957
721	883
721	1492
721	1339
722	2402
722	1190
722	1525
722	898
722	783
722	1087
723	1227
723	2277
724	898
724	2287
724	1492
724	822
725	1572
726	1120
726	998
726	914
726	1213
726	1214
726	1087
729	730
729	2158
732	2185
732	733
732	2118
732	2341
733	1606
733	2383
733	2365
734	1681
734	1582
734	1815
736	961
736	870
741	769
742	994
744	1332
746	1901
747	1370
747	2218
747	2631
749	2527
750	1988
751	1503
754	1728
755	1635
755	804
755	1581
755	757
756	835
756	777
756	1587
757	1581
758	2109
762	996
763	844
765	2689
765	1107
766	1198
767	960
767	962
767	970
769	1080
769	1844
769	1156
775	776
776	863
777	1179
777	1318
778	2616
778	1307
778	995
778	2451
780	1552
780	1946
780	1853
782	2014
782	1175
782	1885
782	1950
785	794
785	2194
786	1967
790	947
791	1392
791	1389
793	1301
793	830
794	2194
796	822
796	1574
796	1517
796	1973
803	1190
804	1581
806	1108
807	1142
808	1864
808	1793
808	1996
809	1393
819	1121
821	1642
822	1796
822	1385
822	1932
822	1517
822	1193
823	1040
823	1057
823	1453
824	1088
824	1074
824	1245
826	840
826	1644
826	1935
826	1781
826	1110
830	1301
832	1318
835	844
837	1796
840	1781
842	1458
842	1459
843	1719
844	1261
845	1101
845	1245
847	1315
847	2570
847	2491
849	2449
849	850
849	1987
849	2596
850	2449
850	1987
854	1464
854	2023
857	1948
857	1949
862	2025
863	948
865	1504
865	866
865	1571
865	1540
865	1574
866	1540
866	1571
868	1958
869	2635
871	1967
877	1124
877	2277
877	1063
878	2570
878	1500
880	1896
880	948
881	1965
881	2352
881	1367
881	2077
882	1750
883	1339
891	1618
893	1522
893	1570
894	1569
896	1240
896	1946
896	2202
897	2508
898	1362
898	1585
898	1597
905	960
905	962
907	1506
909	910
911	2056
911	1812
911	1215
912	1147
914	1188
914	1003
914	1292
914	1905
915	1027
915	931
915	1006
916	984
917	945
917	2450
917	1213
918	919
919	934
919	936
919	1033
919	970
919	1101
919	945
919	2139
919	1034
920	921
922	2108
923	1546
926	1291
927	951
928	1124
928	999
928	939
928	1196
928	1198
928	1039
928	1063
931	1090
931	969
931	951
931	1144
933	1093
933	1067
933	1139
934	936
934	1033
934	970
934	1034
935	1137
935	1782
935	1177
936	1033
936	970
936	1085
936	1071
936	1492
936	2287
936	1034
937	1067
939	1196
939	940
942	946
942	991
944	1130
944	945
944	1330
944	2614
945	1158
945	1037
945	1101
945	1777
945	1011
945	2330
945	987
946	2343
946	1073
946	1008
946	984
946	991
948	1264
948	2166
949	1012
950	1039
951	961
951	1090
951	969
951	963
951	1144
953	2611
953	1061
954	2260
954	1557
954	2039
955	962
955	1078
959	1794
959	2557
960	962
960	970
960	1078
960	1561
960	1018
961	963
962	1078
965	1650
965	1651
967	1682
967	2397
969	1250
969	1235
969	1015
969	1090
969	979
969	1144
969	1081
970	1033
970	1034
970	1248
971	2311
972	1127
972	1165
972	1063
973	1147
975	1165
975	1095
977	1905
977	1762
977	1101
977	1007
980	1137
980	1138
983	1152
983	1093
983	1062
983	1234
983	1138
983	990
983	1016
984	992
985	1699
985	1210
987	1041
987	1112
987	2330
987	1053
989	1028
990	1803
990	1157
990	1195
990	1251
990	1016
990	1053
991	995
991	1057
991	1008
992	1640
992	993
993	1640
996	1074
997	1762
997	1106
997	1145
998	1120
998	1035
998	1015
999	1056
999	2292
999	1198
1000	1924
1000	1001
1000	1164
1000	1010
1000	1083
1000	1087
1003	1188
1003	1292
1003	1905
1004	1189
1004	1042
1004	2035
1004	1847
1004	1528
1004	2299
1007	1030
1007	1008
1007	1032
1008	1109
1009	1777
1009	1250
1009	2155
1009	1011
1010	1083
1010	1035
1011	1158
1012	1247
1013	2592
1013	2613
1013	1014
1015	1120
1016	1122
1016	1603
1016	1037
1016	1142
1017	1018
1018	1371
1018	1070
1019	1020
1019	1021
1020	1021
1023	1144
1023	1053
1025	1093
1025	2431
1026	2415
1027	1292
1028	1038
1030	1090
1033	1034
1035	1120
1035	1083
1035	1662
1036	2609
1037	1253
1037	1777
1037	1192
1037	1671
1037	1103
1037	1223
1037	2271
1038	1247
1039	1124
1039	1063
1039	1196
1040	1057
1041	1183
1042	1189
1042	1169
1042	2035
1043	2521
1043	2047
1043	1767
1044	1064
1046	2696
1046	1769
1046	1194
1046	2160
1046	1238
1046	1659
1052	1968
1053	1137
1053	1782
1055	1082
1055	1101
1056	2292
1056	1198
1061	2611
1062	1227
1063	1124
1063	1127
1063	1196
1063	1165
1065	1066
1070	1371
1071	1184
1073	1752
1073	2165
1073	2646
1073	2231
1074	1088
1076	1077
1077	2340
1077	2343
1077	1275
1077	2335
1078	1211
1078	1209
1080	1156
1081	1250
1083	1096
1083	1138
1084	2609
1084	1662
1085	1169
1086	1098
1086	1101
1087	2402
1087	1924
1087	1227
1087	1525
1087	1214
1090	1144
1093	1098
1093	2431
1094	1539
1096	1250
1096	1101
1096	1138
1096	1782
1099	1792
1099	2340
1099	1125
1099	1100
1099	1905
1099	1112
1100	1125
1100	1905
1100	1112
1101	1138
1101	1782
1101	1777
1103	1123
1103	2413
1103	1584
1103	1137
1103	2391
1103	1562
1103	2427
1103	2271
1106	1229
1106	1111
1108	1422
1108	1784
1108	1180
1108	1758
1110	2073
1110	1644
1110	1935
1111	1112
1111	1131
1116	1414
1119	2171
1120	2155
1121	1343
1123	1467
1123	1137
1123	1223
1123	2271
1123	1777
1123	1887
1123	1180
1123	1759
1124	1196
1125	1183
1127	1165
1130	1763
1137	1777
1137	1138
1137	1782
1137	1245
1137	2271
1138	1234
1138	1782
1138	1245
1143	1183
1145	1762
1153	1154
1153	1950
1154	2515
1155	2049
1157	1251
1158	1445
1159	1205
1161	1162
1162	2049
1162	1335
1162	1303
1162	1694
1167	1168
1167	1909
1167	1430
1168	1909
1169	1231
1169	1562
1170	2188
1170	1965
1170	2352
1170	2261
1170	1592
1170	2330
1170	2010
1172	1173
1172	1175
1173	1894
1173	2350
1173	1175
1173	1241
1173	1820
1173	1789
1173	1950
1174	1643
1175	1789
1175	1885
1175	2355
1178	1784
1178	1777
1178	2271
1179	1318
1180	2318
1180	1782
1180	2391
1180	1784
1180	1759
1183	2217
1186	1649
1186	1268
1186	1228
1188	1905
1188	1292
1189	2035
1192	1671
1193	1243
1193	1932
1193	1517
1193	2639
1194	2696
1194	1769
1194	2713
1201	1440
1205	1436
1206	1441
1207	1246
1211	1620
1213	2277
1213	2030
1213	2450
1213	1214
1213	2335
1215	2056
1215	1812
1216	1389
1216	1806
1216	1415
1219	1988
1219	1748
1223	2122
1223	1777
1223	1779
1223	1783
1223	2271
1223	1758
1223	1759
1225	2445
1227	2277
1229	1336
1229	1713
1229	1780
1230	1254
1231	1733
1234	2176
1234	1917
1238	1462
1240	2052
1241	2350
1243	2639
1249	1501
1255	1448
1255	1378
1255	1379
1255	1772
1258	1508
1261	2327
1268	1418
1268	1925
1272	1765
1272	1448
1272	1617
1272	1779
1272	1784
1272	1273
1272	2122
1273	2122
1273	1779
1275	2328
1275	2335
1275	2340
1275	1454
1275	2139
1275	2115
1275	2083
1275	2263
1275	2015
1275	2023
1275	2343
1275	1900
1275	2296
1278	1517
1282	1663
1284	1285
1292	1905
1303	2049
1303	1694
1305	2318
1312	2315
1315	2570
1315	2491
1319	1320
1319	1653
1319	2293
1320	2293
1320	1546
1320	1653
1320	1559
1320	1695
1330	1442
1330	2614
1331	1762
1331	1846
1331	1557
1336	1713
1336	1617
1336	1337
1337	1617
1339	2277
1339	1957
1356	1435
1362	1585
1363	2218
1366	2398
1367	1602
1367	2319
1367	2256
1368	1904
1368	1555
1369	2188
1369	2165
1369	2646
1369	1848
1369	1754
1370	2218
1370	2631
1372	2582
1375	1784
1375	1759
1376	2439
1377	2324
1377	1941
1378	1379
1379	1448
1379	1772
1381	1610
1381	1654
1381	1655
1381	1656
1385	1389
1386	1936
1386	1675
1386	1806
1389	1806
1389	1392
1393	2136
1393	1421
1399	2218
1399	2292
1402	1682
1405	1728
1405	1672
1405	1638
1405	1919
1410	1707
1411	1644
1414	1415
1415	2327
1418	1925
1421	2136
1421	1806
1422	1427
1422	1743
1423	1520
1424	1770
1426	2503
1427	1433
1432	1449
1433	1505
1435	1504
1435	1601
1435	1574
1435	1468
1442	2614
1443	2012
1443	2268
1443	2070
1443	2513
1445	1603
1448	1765
1448	2122
1448	1772
1448	1779
1450	1859
1451	1728
1454	2340
1454	2015
1454	1559
1454	2059
1454	2174
1454	2335
1454	1973
1454	2328
1454	1551
1456	2277
1458	1459
1459	1544
1462	1711
1464	2023
1465	2323
1467	1617
1467	2466
1467	1765
1473	1474
1476	1559
1477	2520
1480	2330
1482	2342
1483	1792
1483	1884
1491	1964
1491	1492
1491	1947
1492	1960
1492	1961
1492	1962
1492	2061
1492	2262
1492	2287
1493	1553
1493	1634
1493	1580
1493	1578
1494	2407
1496	1585
1497	2257
1500	2336
1504	1565
1504	1573
1505	2123
1505	1934
1507	1587
1511	2028
1513	1515
1514	2322
1514	2260
1516	2273
1517	1796
1517	1574
1517	2218
1517	2604
1517	1966
1517	1973
1517	2492
1517	1866
1517	1623
1517	1639
1517	2292
1517	2267
1518	1584
1518	1559
1522	1570
1522	2374
1523	2074
1523	1524
1524	2074
1525	2402
1528	2299
1529	1562
1530	1562
1530	1791
1530	2133
1531	1532
1538	1636
1540	1571
1542	2095
1543	1544
1543	1545
1544	1545
1546	1547
1546	1556
1546	1653
1546	1695
1547	1556
1549	1639
1549	2492
1551	2174
1551	2189
1552	1946
1552	1853
1553	1634
1553	1578
1554	1874
1554	2079
1555	1922
1555	1904
1555	2583
1555	1752
1555	1849
1555	2328
1557	1846
1558	1642
1559	1954
1559	2340
1559	2059
1559	1973
1562	1584
1562	2133
1565	1573
1566	1573
1569	2035
1578	1634
1580	1652
1581	2156
1583	2330
1583	2669
1583	1938
1583	1592
1583	2010
1583	2335
1585	1597
1592	2340
1592	2188
1595	1596
1595	2076
1595	2075
1601	2223
1602	2319
1602	2256
1602	2102
1602	2109
1604	1605
1605	2170
1608	2632
1610	1656
1610	1654
1610	1655
1613	2218
1613	1915
1613	1717
1614	2593
1617	2466
1617	1765
1617	1784
1617	1945
1620	1692
1628	1874
1637	2104
1637	2175
1637	1702
1638	1728
1638	2201
1638	1691
1638	1919
1639	1866
1639	2492
1639	2218
1640	2336
1641	1746
1644	1935
1645	2684
1645	2487
1648	2243
1648	1657
1648	2111
1650	1711
1650	1651
1650	1658
1650	1690
1651	1658
1651	1690
1652	2185
1653	2293
1654	1655
1654	1656
1654	1661
1655	1656
1656	1661
1657	2111
1658	1711
1659	2160
1662	2609
1664	1692
1666	2050
1668	1669
1672	1676
1680	1956
1680	2028
1680	2295
1683	1776
1687	2355
1692	2674
1694	2006
1698	1701
1702	2175
1713	1929
1723	2387
1725	1756
1728	1919
1732	2332
1738	2166
1748	1988
1748	2207
1751	2521
1751	2324
1751	2340
1753	2513
1753	2707
1753	2004
1753	1790
1753	2038
1754	1767
1754	2231
1756	1776
1756	1760
1758	2271
1758	1777
1758	1783
1758	1759
1759	1777
1759	1945
1759	2271
1762	1763
1762	1905
1762	2165
1763	2467
1764	2721
1765	1784
1765	1779
1765	2122
1766	1778
1767	2259
1767	2503
1767	1849
1767	2229
1767	2521
1767	2047
1768	1774
1768	1775
1769	2696
1769	2252
1774	1776
1774	1775
1775	1776
1777	2271
1778	2508
1779	2122
1780	2183
1782	2271
1784	2318
1784	1945
1789	1955
1790	2627
1791	1792
1791	2133
1792	2340
1794	2332
1802	2499
1802	2654
1803	2125
1806	1931
1806	1936
1807	1924
1810	2102
1812	1843
1824	2459
1834	2004
1837	1944
1837	2154
1837	2255
1837	2012
1837	2431
1846	2350
1846	1849
1847	2299
1848	2503
1848	2215
1848	2188
1848	2259
1848	2165
1848	2646
1848	2231
1849	1891
1849	2340
1849	2275
1849	2345
1849	2328
1849	2259
1849	2229
1849	2295
1849	2072
1851	1915
1858	2317
1861	1969
1861	2491
1861	2236
1866	2218
1866	2492
1868	2194
1873	1969
1873	2238
1873	2135
1874	2079
1884	2292
1884	1898
1885	2335
1886	2289
1886	2449
1891	2295
1891	1957
1891	2229
1891	2343
1895	2189
1895	2260
1895	2042
1895	2335
1895	1918
1896	1897
1904	2328
1904	2072
1913	2315
1913	2436
1918	2189
1926	2409
1930	2218
1930	2292
1935	2332
1938	2625
1938	2248
1938	2089
1938	2669
1938	2335
1938	2330
1941	2596
1941	2324
1941	2075
1942	1944
1942	1943
1943	1944
1946	2202
1949	1951
1950	1955
1950	2311
1950	2014
1951	1953
1952	1953
1954	2340
1956	2018
1956	2028
1956	2295
1957	2343
1958	1960
1958	2068
1960	1961
1960	2262
1962	2061
1962	2195
1962	2358
1965	2352
1965	2277
1965	2055
1965	2077
1965	2330
1965	2545
1965	2010
1969	2694
1969	2491
1971	2674
1972	2238
1980	2652
1980	2627
1980	2684
1980	2673
1980	2721
1981	2019
1985	2292
1988	2430
2002	2722
2005	2138
2005	2627
2007	2599
2010	2023
2010	2344
2010	2265
2010	2330
2012	2665
2012	2284
2012	2460
2012	2431
2014	2189
2015	2625
2015	2083
2015	2023
2015	2328
2015	2715
2015	2335
2016	2246
2018	2028
2023	2715
2023	2344
2023	2368
2023	2625
2023	2648
2023	2265
2023	2275
2023	2412
2025	2026
2029	2287
2030	2031
2031	2289
2032	2262
2032	2057
2034	2035
2036	2037
2037	2600
2037	2513
2037	2038
2038	2600
2038	2513
2039	2042
2042	2424
2047	2282
2047	2625
2047	2521
2049	2607
2049	2078
2052	2517
2057	2350
2057	2068
2057	2262
2068	2350
2068	2262
2070	2268
2072	2328
2074	2093
2075	2076
2075	2324
2075	2335
2077	2352
2078	2607
2081	2102
2083	2115
2083	2263
2083	2139
2095	2096
2099	2483
2099	2523
2102	2483
2102	2524
2102	2109
2104	2119
2115	2139
2115	2263
2134	2570
2134	2542
2135	2238
2139	2263
2148	2206
2154	2393
2154	2255
2158	2321
2165	2503
2165	2215
2165	2188
2165	2259
2165	2646
2165	2231
2188	2352
2188	2261
2188	2646
2188	2330
2201	2589
2204	2335
2207	2550
2215	2646
2218	2631
2218	2292
2218	2492
2220	2636
2220	2317
2228	2323
2228	2277
2228	2319
2229	2340
2229	2345
2229	2379
2229	2295
2229	2328
2231	2503
2231	2259
2231	2646
2234	2322
2234	2260
2237	2542
2238	2344
2238	2335
2246	2276
2246	2341
2248	2625
2253	2492
2255	2393
2256	2277
2256	2319
2256	2323
2257	2282
2259	2344
2259	2503
2259	2646
2260	2322
2260	2455
2260	2335
2260	2368
2260	2277
2262	2350
2265	2344
2267	2604
2275	2280
2277	2323
2277	2335
2278	2326
2280	2328
2282	2625
2283	2294
2284	2665
2284	2431
2292	2631
2296	2557
2310	2624
2310	2691
2311	2314
2315	2436
2317	2636
2318	2391
2324	2596
2328	2335
2328	2345
2330	2352
2330	2335
2335	2570
2335	2340
2335	2669
2335	2344
2340	2692
2340	2343
2344	2503
2344	2536
2344	2436
2348	2519
2377	2525
2392	2496
2397	2709
2407	2569
2413	2427
2426	2624
2426	2513
2431	2665
2451	2616
2460	2688
2460	2597
2471	2525
2483	2523
2491	2570
2495	2570
2499	2654
2502	2551
2503	2562
2503	2646
2512	2674
2513	2624
2513	2707
2534	2670
2549	2652
2549	2654
2561	2672
2592	2613
2595	2682
2625	2715
2625	2687
2627	2684
2627	2721
2627	2652
2628	2672
2652	2721
2652	2684
2684	2721
