0	307
0	308
1	2625
1	3
1	100
1	2089
1	2282
1	2253
1	366
1	80
1	115
1	2102
1	1497
1	2524
1	285
2	6
2	2188
2	531
2	2323
2	21
2	23
2	25
2	2077
2	35
2	36
2	39
2	43
2	1965
2	2352
2	49
2	2228
2	2358
2	1465
2	58
2	1339
2	60
2	2239
2	67
2	97
2	74
2	2256
2	547
2	2260
2	1367
2	1754
2	91
2	225
2	100
2	2277
2	2023
2	875
2	881
2	370
2	467
2	373
2	375
2	1275
2	380
3	1792
3	100
3	101
3	2625
3	2248
3	508
3	2282
3	365
3	2253
3	568
3	1497
3	91
3	92
3	285
3	2687
4	2348
4	15
5	523
5	36
5	326
5	8
5	1643
5	79
5	115
5	2280
5	339
5	2260
5	158
5	1174
5	1241
5	2040
5	313
5	20
6	268
6	1043
6	21
6	414
6	1584
6	36
6	550
6	39
6	2224
6	49
6	2358
6	2489
6	2239
6	97
6	2188
6	2644
6	2261
6	225
6	228
6	486
6	358
6	2028
6	1275
6	469
7	1652
7	466
7	652
8	2658
8	1643
8	79
8	1174
8	313
8	158
9	1445
10	101
10	2344
10	1962
10	11
10	1640
10	2238
10	2335
11	187
11	1958
11	110
11	751
11	2195
11	155
11	1962
12	454
12	810
12	13
12	1606
12	733
13	454
13	1606
13	810
13	509
13	560
13	2365
13	220
13	733
14	2289
14	2618
14	1886
14	1598
14	71
15	419
15	366
15	652
15	302
15	721
15	1699
15	820
15	21
15	406
15	1454
15	56
15	985
15	1530
15	1339
15	474
16	359
17	300
17	350
18	2132
18	2613
18	1767
19	2368
19	193
19	507
19	2021
19	198
19	425
19	267
19	44
19	2221
19	2703
19	2576
19	1264
19	2291
19	404
19	1495
19	576
19	857
19	2379
19	2619
19	1488
20	2040
20	523
20	339
20	359
21	268
21	2449
21	23
21	408
21	414
21	2335
21	197
21	36
21	1542
21	38
21	39
21	299
21	175
21	49
21	564
21	56
21	187
21	64
21	67
21	581
21	467
21	469
21	470
21	91
21	224
21	225
21	550
21	358
21	2028
21	1517
21	372
21	375
21	1278
21	85
23	385
23	2262
23	269
23	2064
23	531
23	25
23	35
23	39
23	1960
23	1961
23	43
23	49
23	1464
23	2368
23	67
23	2353
23	2372
23	467
23	1492
23	854
23	91
23	635
23	100
23	2023
23	239
23	240
23	370
23	373
23	375
23	2260
23	1275
23	380
23	254
24	2017
24	355
24	358
24	518
24	1962
24	269
24	2287
24	724
24	370
24	1492
24	382
24	468
24	26
24	190
25	513
25	269
25	35
25	39
25	1961
25	43
25	2353
25	1464
25	2368
25	2372
25	49
25	851
25	854
25	2265
25	91
25	2023
25	508
25	370
25	467
25	373
25	1275
25	380
26	2017
26	2246
26	2353
26	2023
26	1492
26	269
26	2287
26	1464
26	370
26	468
26	724
26	382
28	1457
28	1231
28	76
28	489
32	1792
32	35
32	2258
32	2133
32	91
32	1791
33	938
34	2025
34	474
35	1792
35	1275
35	39
35	2023
35	43
35	2258
35	49
35	370
35	373
35	91
35	380
35	2133
36	384
36	385
36	519
36	520
36	2188
36	1169
36	2077
36	517
36	1955
36	518
36	1958
36	1959
36	1965
36	2352
36	56
36	187
36	2109
36	67
36	197
36	326
36	712
36	467
36	85
36	470
36	91
36	97
36	38
36	1895
36	106
36	39
36	2335
36	115
36	362
36	2261
37	868
37	1958
37	2057
37	782
37	381
37	1175
37	155
37	1885
38	385
38	389
38	519
38	2189
38	531
38	2335
38	1955
38	424
38	1965
38	49
38	946
38	954
38	187
38	712
38	469
38	2340
38	102
38	106
38	1517
38	115
38	2039
38	249
38	2042
38	381
38	1278
39	1170
39	1043
39	2077
39	43
39	1557
39	1965
39	2352
39	49
39	2109
39	2249
39	2521
39	91
39	97
39	2023
39	362
39	1767
39	881
39	370
39	531
39	373
39	375
39	1275
39	380
39	2047
40	129
40	971
40	2089
40	2191
41	521
41	458
41	555
41	2158
41	2321
41	403
41	1013
41	42
41	2613
42	66
42	2020
42	2321
42	402
42	2158
42	145
42	146
42	147
42	729
43	930
43	422
43	49
43	1586
43	60
43	74
43	91
43	2526
43	358
43	2023
43	2029
43	494
43	495
43	496
43	370
43	373
43	1275
43	380
43	765
44	134
44	2185
44	267
44	578
44	404
44	1173
44	1687
44	280
44	295
44	1580
44	45
44	47
44	48
44	821
44	2109
44	1599
44	577
44	66
44	75
44	758
44	587
44	595
44	857
44	1500
44	352
44	1381
44	878
44	1652
44	245
44	1654
44	247
44	2044
45	225
45	1381
45	531
45	1173
45	1654
45	247
45	1599
46	441
46	1383
47	1569
47	554
47	230
47	70
47	2185
47	1642
47	1547
47	125
47	1457
47	339
47	821
47	1558
47	247
47	249
47	1546
47	222
47	405
48	352
48	587
48	227
48	619
48	75
48	821
48	758
48	247
48	1500
48	1687
48	351
49	519
49	486
49	523
49	2335
49	546
49	518
49	169
49	50
49	1731
49	70
49	583
49	584
49	77
49	339
49	469
49	91
49	227
49	228
49	2277
49	230
49	2023
49	1883
49	619
49	1517
49	2159
49	370
49	372
49	373
49	1275
49	380
49	1514
49	1278
50	523
50	227
50	518
50	169
50	619
50	1883
51	722
51	52
51	53
52	53
53	2337
53	1219
53	1988
53	1190
53	332
53	78
53	913
53	722
53	313
53	57
53	378
53	1748
54	1377
54	1895
54	210
54	1874
54	2480
54	368
54	1554
54	115
54	385
54	2042
54	2079
55	1339
55	1947
55	1964
55	1491
56	67
56	197
56	262
56	187
56	467
56	2335
56	721
56	91
56	1491
56	1492
56	470
56	1339
56	1947
56	85
57	2562
57	2059
57	997
57	2631
57	328
57	2385
57	426
57	427
57	332
57	1454
57	913
57	1330
57	323
57	1292
57	313
57	1145
57	217
57	1162
57	447
58	1377
58	225
58	679
58	1583
58	531
58	2324
58	1941
58	1751
58	59
58	380
59	2418
59	564
59	1941
59	1751
60	547
60	422
60	358
60	74
60	494
60	81
61	546
61	1542
61	231
61	2189
61	2095
61	113
61	2191
62	560
62	2482
62	2603
63	2064
63	2386
64	1153
64	1538
64	1542
64	391
64	130
64	282
64	1950
64	197
64	163
64	390
64	423
64	299
64	1849
64	65
64	67
64	69
64	70
64	73
64	80
64	84
64	220
64	224
64	1636
64	366
64	212
65	71
66	259
66	454
66	455
66	204
66	2383
66	507
66	220
66	414
67	68
67	187
67	197
67	265
67	1514
67	2335
67	115
67	2322
67	467
67	2260
67	470
67	100
67	2234
67	91
67	85
68	299
68	1514
68	1278
69	1153
69	130
69	163
69	197
69	70
69	391
69	1542
69	366
69	80
69	282
69	1950
69	390
70	1153
70	130
70	163
70	390
70	232
70	684
70	366
70	80
70	339
70	1690
70	282
70	1950
70	197
71	364
71	74
71	268
71	2289
71	2618
71	2570
71	1886
72	657
73	1352
73	274
73	84
73	2490
73	127
74	2336
74	547
74	422
74	358
74	1500
74	362
74	364
74	461
74	1231
74	881
74	1685
74	502
74	1367
74	505
74	2570
74	190
75	770
75	263
75	425
75	587
75	2355
75	758
75	1687
75	1500
75	351
77	225
77	227
77	230
77	2311
77	2314
78	1190
78	176
78	177
78	952
78	378
79	1595
79	520
79	113
79	207
79	112
79	209
79	1972
79	2075
79	2076
79	2238
80	130
80	163
80	1153
80	390
80	366
80	2093
80	1589
80	2074
80	1052
80	1950
80	197
81	369
81	355
82	2337
83	105
83	1362
83	1885
83	2335
84	1538
84	224
85	197
85	2246
85	327
85	2280
85	187
85	2276
85	467
85	219
85	2335
85	2275
85	470
85	409
85	2436
85	91
85	92
85	351
87	1016
87	529
87	1122
87	1055
88	2169
88	874
88	1199
90	690
90	709
90	1135
91	1792
91	2115
91	2335
91	2083
91	1962
91	307
91	1721
91	1339
91	197
91	1099
91	2258
91	470
91	2263
91	2340
91	2139
91	187
91	2023
91	508
91	875
91	370
91	467
91	373
91	2267
91	1275
91	380
91	1791
92	2570
92	2280
92	2282
92	2253
92	851
92	2328
92	409
92	508
92	106
92	2335
93	1184
93	516
93	777
93	1071
93	1683
93	1366
93	668
93	94
94	867
94	2052
94	716
94	1240
94	660
94	1366
94	280
94	284
94	766
95	897
95	2212
95	1446
95	2282
95	2251
95	1053
95	1784
95	2163
95	2263
95	824
95	2308
95	922
95	1467
95	1245
95	607
96	353
96	1350
96	351
97	2322
97	1043
97	284
97	2224
97	1331
97	1846
97	2489
97	2109
97	447
97	2249
97	2260
97	2521
97	1754
97	98
97	1767
97	1130
97	362
97	2047
98	1762
98	2275
98	326
98	2503
98	106
98	2215
98	2188
98	1073
98	2610
98	2259
98	2165
98	2646
98	2231
98	1848
98	1369
98	217
99	2316
99	2421
100	1368
100	101
100	2625
100	2248
100	2023
100	2412
100	467
100	2328
100	2260
100	2072
100	1497
100	285
101	2625
101	2248
101	268
101	2344
101	2259
101	2164
101	1077
101	1559
101	2340
101	410
101	2335
101	285
101	2238
101	2687
102	115
102	2340
102	389
102	363
102	531
102	381
102	2335
103	946
103	934
105	516
105	1957
105	422
105	298
105	1885
105	2385
105	564
105	1492
105	570
105	381
105	2335
106	385
106	2570
106	790
106	2231
106	538
106	1275
106	2335
107	353
107	767
108	2652
108	109
108	2549
109	2674
109	2549
109	1942
109	1943
110	1962
110	2195
110	751
111	249
111	1105
112	113
113	276
115	265
115	531
115	2230
115	389
115	2081
115	2085
115	2348
115	2102
115	2335
115	326
115	458
115	2260
115	2340
115	2524
115	2086
115	2023
115	363
115	381
116	1937
116	2659
116	2684
116	117
117	544
117	2689
117	358
117	1073
117	2030
117	2031
117	2032
117	2033
117	1525
117	2526
118	2049
118	1895
118	1303
119	593
119	500
119	1293
120	484
120	485
120	1970
120	2035
120	405
120	504
121	1418
121	301
121	1870
121	1172
121	1175
121	123
121	522
122	1572
122	706
122	652
123	296
123	301
123	1502
124	1189
124	487
124	488
124	492
124	909
124	910
124	1169
125	196
125	422
125	424
125	554
125	1547
125	464
125	2034
125	2035
125	222
125	223
125	221
125	126
125	127
126	1189
126	1093
126	487
126	424
126	1004
126	223
126	1042
126	2035
126	983
126	127
126	221
126	991
127	385
127	196
127	422
127	424
127	1004
127	221
127	464
127	2034
127	2035
127	222
127	695
127	537
127	223
128	1599
128	906
128	2035
128	487
129	2089
130	1153
130	163
130	391
130	366
130	390
130	1950
130	197
131	416
131	1678
132	1642
132	1558
133	1881
133	1882
134	1320
134	595
134	135
134	247
135	353
135	523
135	200
135	201
135	1546
135	1547
135	524
135	144
135	1320
135	338
135	595
135	1556
135	2128
135	554
136	580
136	1030
136	1032
136	1007
136	1008
136	1109
136	2116
137	480
137	482
137	483
137	549
137	1490
137	1658
138	2179
138	1765
138	2122
138	1779
138	1686
138	1272
139	674
139	2571
139	423
139	2345
139	2535
139	2380
139	365
139	847
139	1904
139	1555
139	1108
139	309
139	2491
139	1023
140	832
141	2617
141	1155
141	1156
141	430
141	431
142	419
143	144
144	200
144	201
144	338
144	1556
144	1368
145	2020
145	402
145	2158
145	465
145	146
145	147
145	340
146	2020
146	2321
146	2158
146	402
146	147
147	2020
147	465
147	402
147	2158
147	340
147	2525
148	653
148	598
148	149
149	653
149	598
150	1532
150	484
150	582
150	2097
153	2340
153	564
153	2335
154	823
154	463
154	1453
154	1637
154	925
155	868
155	1958
155	2033
155	1554
155	187
155	156
156	1153
157	1035
157	2628
157	2565
157	1662
158	568
158	2658
160	593
160	1293
163	1153
163	167
163	299
163	1420
163	205
163	366
163	212
163	197
163	390
163	1950
163	166
164	1601
164	967
164	2155
164	238
164	2223
164	1714
164	277
164	598
164	474
164	1435
164	1717
165	248
165	239
166	212
166	167
167	1377
168	928
168	257
168	1124
168	1063
168	1196
168	1039
169	227
169	550
169	619
169	1883
170	1950
171	577
171	898
171	411
171	172
171	1585
171	466
171	1475
171	1495
171	283
171	1597
172	1635
172	869
172	522
172	343
172	1475
172	591
172	1585
172	466
172	2355
172	755
172	1175
172	283
172	411
172	1597
173	174
173	175
174	193
174	514
174	2291
174	2241
174	1602
174	175
174	2256
174	1489
174	2319
174	2196
174	2197
174	854
174	1367
174	506
174	1979
175	193
175	514
175	2241
175	564
175	471
175	1979
175	2335
176	177
177	1028
178	1888
178	2257
178	293
178	2473
178	1497
179	1890
179	1462
180	181
182	1508
182	894
186	1792
186	1483
187	1954
187	1958
187	1959
187	519
187	2335
187	1169
187	467
187	470
187	197
187	2340
188	464
188	360
189	2053
189	190
190	420
190	2053
190	518
190	211
190	372
190	502
190	1492
191	568
191	569
191	567
192	2292
192	1898
192	1884
193	576
193	2576
193	1264
193	2021
193	2291
193	267
193	2221
193	1488
193	1489
193	564
193	1495
193	2619
194	2657
194	731
194	937
194	237
194	238
194	336
194	2260
194	507
195	1154
195	196
195	2062
196	1154
196	197
196	422
196	2515
196	2034
196	2035
197	1153
197	390
197	1154
197	2062
197	282
197	1950
197	2335
197	422
197	2515
197	212
197	213
197	470
197	1374
197	366
197	467
197	252
197	381
198	579
198	549
198	267
198	1488
198	244
199	463
200	201
200	554
200	524
200	2129
200	1556
200	1657
200	538
200	1546
201	2128
201	338
201	595
201	1368
204	259
204	260
205	1955
205	1950
206	411
206	1420
207	208
207	2075
207	1521
207	1596
207	1454
207	2076
207	1520
207	209
207	1423
207	1461
207	1705
207	380
207	1595
207	540
207	541
208	209
209	1520
209	1595
209	2075
209	1423
210	1420
210	2020
211	420
211	743
211	2351
211	1203
211	212
211	213
211	887
212	299
212	1420
212	1648
212	213
212	282
213	743
213	297
213	295
213	2351
213	1203
213	887
214	2296
214	217
214	2557
214	2229
215	2296
215	217
215	299
215	1511
216	610
216	1061
216	2257
216	1497
216	446
216	639
217	2075
217	2661
217	326
217	1511
217	447
217	299
217	285
217	728
217	947
217	2229
217	2296
217	2074
217	959
217	2275
217	2557
217	2047
218	291
218	295
218	297
218	1031
218	589
218	560
218	1241
218	219
218	2588
219	291
219	295
219	2280
219	297
219	2346
219	1549
219	1199
219	560
219	1278
219	791
219	2392
219	1517
219	2492
219	589
220	423
220	712
220	1483
220	2383
220	560
220	2102
220	1849
220	282
220	509
220	733
222	554
222	1547
222	223
223	695
224	1542
225	2311
225	2314
225	268
225	1680
225	531
225	414
225	543
225	550
225	519
225	1583
225	2334
225	1492
225	469
225	226
225	358
225	2028
225	883
225	247
225	380
227	523
227	228
227	230
227	619
227	339
227	821
227	1883
228	584
228	583
229	1512
229	1531
229	1532
230	1546
230	1580
230	1493
231	2189
232	898
234	649
234	2065
234	2598
234	471
237	2114
237	238
238	1601
239	240
239	248
239	313
239	2205
240	1278
240	2205
240	341
241	242
242	256
244	267
244	549
245	1508
245	267
245	246
246	267
246	1508
247	352
247	577
247	2185
247	587
247	878
247	531
247	595
247	1652
247	821
247	758
247	1687
247	1500
247	2109
248	1508
248	361
248	341
248	342
249	2055
249	1965
249	1457
249	405
250	2034
250	422
251	2332
252	467
252	1374
253	566
256	522
257	928
257	258
257	1124
257	1063
257	1196
257	1132
257	1039
258	1132
258	757
258	343
259	260
259	581
259	2340
260	1852
260	1564
260	1967
261	760
261	1562
261	366
262	1861
262	2023
262	2236
262	370
262	1491
262	468
262	854
262	2300
262	1791
264	1483
264	564
264	597
265	1514
265	2322
265	2260
265	2234
266	711
266	267
266	1900
266	1619
266	659
266	415
267	577
267	300
267	1949
267	2221
267	2619
267	576
267	578
267	711
267	1483
267	1488
267	597
267	1495
267	857
267	1580
267	1508
267	1264
267	787
268	2625
268	358
268	904
268	469
268	2028
268	269
268	1584
268	414
268	1559
268	550
268	410
268	379
268	1884
268	1886
268	2687
269	2436
269	324
269	1961
269	1584
269	2353
269	1464
269	2368
269	2372
269	724
269	2246
269	1492
269	854
269	2017
269	2023
269	2287
269	370
269	468
269	379
269	382
270	960
270	962
270	272
270	276
270	629
270	1078
270	532
270	476
270	767
271	960
271	1696
271	272
271	1561
272	960
272	962
272	1561
272	970
272	532
272	629
272	1078
272	1209
272	276
272	559
272	767
273	323
273	1125
273	1292
273	1027
273	984
273	1279
274	722
274	783
274	2019
274	657
275	2402
276	960
276	962
276	532
276	629
276	1078
276	1018
276	767
277	610
277	1009
277	2155
277	1425
277	1714
277	598
278	342
280	896
280	611
280	2052
280	812
280	2604
280	561
280	835
280	1244
280	716
280	1240
280	761
280	2044
280	2517
281	2449
282	391
282	1542
282	390
282	438
283	1569
283	466
283	1525
283	343
283	894
284	1956
284	2340
284	1767
284	2312
284	1130
284	1501
284	2229
284	1849
284	380
284	285
284	286
285	385
285	2068
285	794
285	286
285	2335
285	1968
285	2224
285	2229
285	2102
285	2615
285	313
285	2625
285	2248
285	2249
285	2231
285	2253
285	2257
285	2263
285	1497
285	2275
285	2282
285	365
285	1789
285	2047
286	2625
286	324
286	326
286	327
286	1928
286	2249
286	2282
286	365
286	782
286	2254
286	2257
286	2014
286	2260
286	2229
286	2436
286	2335
286	2344
286	2047
287	288
288	289
288	809
288	1932
288	1393
288	724
288	822
289	1241
289	291
289	295
291	2496
291	581
291	1353
291	2346
291	1517
291	784
291	755
291	560
291	2392
291	2492
292	1665
292	1450
292	948
292	293
292	1438
293	1665
293	1795
293	641
293	1290
293	2076
293	1181
293	1438
293	416
293	1324
293	948
293	1721
293	2491
293	1738
293	1868
293	1385
293	1264
293	1267
293	2166
293	1272
293	763
293	1407
294	840
294	826
294	1781
295	1031
295	297
295	1575
295	1549
295	1486
295	1263
295	1203
295	1173
295	380
295	1241
295	2492
295	794
295	1278
297	1574
297	1575
297	1031
297	1932
297	1549
297	1486
297	1709
297	2192
297	1203
297	822
297	791
297	380
297	2492
297	794
297	1278
298	515
298	516
298	328
298	2385
298	570
299	389
299	1511
299	338
299	2515
299	2296
299	2074
299	2557
299	2661
300	577
301	387
302	2690
302	419
302	520
302	366
302	592
303	944
304	305
305	886
306	407
306	1869
306	2055
307	308
307	467
308	324
308	1514
308	2322
308	2260
308	373
308	2596
308	2602
309	674
309	2571
309	1564
309	2570
309	2517
309	1023
309	1852
309	2491
309	2495
310	1690
310	1691
310	1638
310	311
311	832
311	1638
311	1654
311	1691
311	317
312	1632
312	451
312	1668
312	1669
312	1673
312	534
312	1111
312	1181
313	385
313	1559
313	493
313	913
313	2194
313	1174
313	2071
313	1647
313	796
313	414
313	2335
313	801
313	802
313	675
313	454
313	1574
313	2218
313	685
313	1454
313	1968
313	1587
313	948
313	2229
313	2102
313	1430
313	455
313	332
313	1613
313	334
313	2256
313	1571
313	724
313	1241
313	1175
313	1249
313	994
313	742
313	2666
313	1643
313	1517
313	756
313	1973
316	426
317	1395
317	1654
318	2719
319	505
320	323
320	329
320	1422
320	560
320	978
320	917
320	437
321	928
321	386
321	580
321	389
321	1129
321	938
321	1762
321	1041
321	1098
321	918
321	1687
321	1156
321	987
321	1053
321	478
322	362
323	1824
323	2562
323	324
323	1061
323	2385
323	329
323	332
323	560
323	2611
323	1292
323	953
323	447
323	389
324	2466
324	2436
324	2344
324	2315
324	2455
324	2260
325	1796
325	596
326	2112
326	544
326	515
326	2259
326	327
326	2344
326	2503
326	2574
326	2640
326	382
326	728
326	947
326	2275
327	544
327	2275
327	2436
327	382
327	2574
327	947
328	515
328	1769
329	1126
329	437
329	434
329	1422
329	815
329	560
329	978
329	917
329	443
329	383
331	1238
331	2049
331	1155
331	1700
331	1462
331	1162
331	430
331	1194
331	1045
331	1046
331	1335
331	440
331	441
331	1146
331	394
332	389
332	1770
332	913
332	564
333	1376
333	1379
333	2439
333	1192
333	1255
333	1772
333	1448
333	1272
335	336
336	933
336	937
336	938
336	492
336	461
336	1169
336	1237
336	473
336	1148
336	1085
337	920
337	473
337	931
338	1648
338	2661
338	1368
338	2515
338	437
338	920
338	347
338	2620
339	1508
339	359
339	523
339	2040
340	1480
340	2330
340	458
341	930
341	422
341	650
341	725
341	342
341	1565
341	1278
343	757
344	1712
344	345
344	346
345	1712
345	346
346	1953
346	1712
347	2243
347	1648
347	1649
347	1657
347	2111
347	348
347	351
348	1648
348	1657
348	2111
349	1506
349	907
349	773
350	1248
350	868
350	1504
351	352
351	354
351	587
351	1350
351	353
351	374
351	506
351	2111
352	353
352	354
352	587
352	619
352	821
353	354
353	2293
353	1319
353	1350
353	1064
353	1320
353	595
353	1653
353	2039
353	537
353	538
354	933
354	1068
354	374
354	1079
354	473
354	479
355	486
355	369
355	2570
355	370
355	468
357	1457
357	358
357	2031
358	2689
358	422
358	414
358	544
358	550
358	1457
358	1962
358	1965
358	1073
358	2017
358	469
358	2010
358	2526
358	2028
358	2030
358	2031
358	2032
358	2033
359	1572
360	577
360	1002
360	691
360	1541
361	839
362	2336
362	758
362	1500
362	2109
363	2348
364	2570
364	419
364	2025
364	458
364	2026
365	2345
365	2282
365	782
365	1904
365	2328
365	2014
365	2072
365	508
366	2690
366	1153
366	520
366	390
366	652
366	406
366	592
366	1562
366	2524
366	1950
367	368
367	385
367	1895
368	385
368	550
368	1895
368	2189
368	2042
370	2570
370	2204
370	467
370	468
370	854
370	2017
370	486
370	2023
370	2300
370	884
370	373
370	1275
370	380
370	1791
371	2054
372	418
372	420
372	698
373	904
373	508
373	2023
373	468
373	2242
373	1275
373	380
374	721
374	2273
374	1516
375	2241
376	1069
377	496
377	519
377	1004
377	1103
377	1584
377	1847
377	1528
377	1583
377	1562
377	2299
378	1926
378	2409
379	1584
379	2089
379	1938
380	513
380	389
380	519
380	1559
380	2449
380	2066
380	2345
380	1941
380	2328
380	2075
380	541
380	543
380	1895
380	1954
380	2340
380	424
380	1325
380	1454
380	1583
380	564
380	2229
380	1849
380	2335
380	1595
380	849
380	723
380	2260
380	1501
380	1891
380	2277
380	2023
380	2295
380	1275
381	2335
381	389
381	422
381	1491
381	518
381	782
381	531
381	1492
381	1175
381	2340
381	1885
382	2353
382	2023
382	2574
382	1464
383	434
383	443
383	1126
383	815
384	2262
384	385
384	1958
384	1894
384	2057
384	2350
384	2068
384	1846
385	1539
385	518
385	519
385	1545
385	531
385	2287
385	2335
385	496
385	1960
385	1961
385	2350
385	1968
385	2229
385	2102
385	1492
385	2262
385	1751
385	2340
385	1893
385	1004
385	2042
386	928
386	1156
386	1095
386	1129
386	938
386	975
386	529
386	918
386	1687
386	984
386	612
386	1098
386	478
387	863
387	1807
387	388
387	429
388	1155
388	429
388	430
388	863
389	2434
389	1544
389	1680
389	2449
389	531
389	1941
389	920
389	580
389	2074
389	1309
389	2335
389	1956
389	2348
389	1523
389	564
389	1343
389	2116
389	2640
389	849
389	851
389	2340
389	479
389	2385
389	1904
389	1524
389	2295
390	1153
390	391
390	1542
390	1950
391	1542
392	1275
393	1664
393	1099
393	1100
393	563
393	1620
393	1692
394	1247
394	2611
394	1238
394	1089
396	397
397	978
398	572
398	573
398	399
399	572
399	573
400	2100
400	2719
401	995
401	948
401	1453
401	1286
402	2020
402	1318
402	1798
402	952
405	1457
405	714
405	487
405	504
405	1970
405	2035
405	1980
405	490
406	1865
406	683
406	652
406	685
409	2372
409	2246
409	2023
409	851
410	2625
410	1958
410	2248
410	2089
410	2090
410	2130
410	2687
411	577
411	1475
411	2533
411	466
411	412
411	1886
412	1884
412	811
412	1886
413	1315
413	2491
414	2712
414	1178
414	1179
414	1564
414	1315
414	550
414	2588
414	560
414	1969
414	437
414	567
414	2491
414	1213
414	2494
414	454
414	455
414	1873
414	469
414	2135
414	443
414	871
414	2028
414	2542
414	756
414	2238
414	759
414	917
415	2337
415	659
416	1665
416	807
416	1675
416	1778
416	1332
416	2076
417	1554
418	420
419	2376
419	535
419	698
420	1121
420	847
421	2001
421	462
422	765
422	1639
422	1008
422	2034
422	2035
422	725
423	1849
423	567
424	1895
424	488
424	2335
424	1073
424	946
424	2260
424	954
424	543
425	2356
425	806
426	1442
426	944
426	1330
426	2614
427	1691
427	583
428	1116
429	430
429	863
430	2049
430	1155
430	688
430	435
430	431
431	688
431	2049
431	1155
432	1400
433	2104
433	1895
433	2174
433	1918
433	2119
434	1126
434	871
434	443
434	2557
435	1462
436	2272
436	2160
436	1462
437	454
437	1126
437	871
437	455
437	1422
437	1967
437	978
437	917
437	443
437	1213
439	944
440	1410
440	2147
440	1700
440	1238
440	1462
440	441
440	1146
441	1410
441	1383
441	1462
442	444
442	1341
442	703
443	1126
443	871
443	976
443	2557
444	515
444	730
444	976
444	1341
444	703
446	639
447	2385
447	2322
447	1043
447	2260
447	2234
448	449
449	1924
449	1061
449	1807
450	994
450	556
450	557
451	1632
451	786
451	534
451	1673
452	1035
452	453
453	1035
454	455
454	733
455	756
458	689
459	1952
459	460
459	461
459	1231
459	503
459	505
460	1952
460	492
460	461
460	1231
460	503
460	505
461	1952
461	547
461	492
461	1231
461	489
461	499
461	502
461	503
461	505
462	1617
462	1229
462	1467
462	1909
463	547
463	1637
463	487
463	492
463	1231
463	1042
463	1189
466	1635
466	804
466	869
466	679
466	652
466	2572
466	1475
466	591
466	755
466	1597
467	854
467	2204
467	2335
467	544
467	468
467	470
467	2023
467	2260
468	2246
468	2017
468	2341
468	854
468	2023
468	2300
468	486
468	2646
468	2204
468	1791
469	1600
469	2660
469	1483
469	2028
469	1517
469	470
469	1278
469	550
469	2650
470	1600
470	1483
470	2335
470	2660
470	2650
471	2598
471	649
471	2065
471	2199
471	1564
472	473
472	725
472	870
473	931
473	933
473	1128
473	938
473	483
473	530
473	691
473	920
473	921
474	1601
474	869
474	2635
474	652
474	706
474	591
474	796
475	477
476	961
476	482
476	483
476	1093
476	552
476	1291
476	975
476	1044
476	918
476	951
476	532
476	1211
476	926
476	1125
478	928
478	1156
478	1153
478	1416
478	1129
478	938
478	711
478	712
478	918
478	1687
478	1098
478	479
479	483
479	1416
479	482
479	1139
479	1726
479	951
479	1309
480	1490
481	1332
481	1646
481	711
482	483
482	490
482	556
483	691
483	532
483	926
486	2246
486	884
486	2341
487	547
487	1189
487	488
487	492
487	1004
487	1042
487	2035
487	504
487	1231
488	909
488	910
488	2035
489	1560
489	1645
489	1231
491	913
491	938
491	492
491	1231
491	497
491	1183
492	898
492	547
492	1733
492	1169
492	1042
492	497
492	1585
492	498
492	505
492	1231
492	1085
492	1189
493	496
493	1249
493	494
493	495
493	2256
493	531
493	1430
494	2029
494	2287
494	495
494	496
494	531
495	936
495	527
495	496
495	531
496	1539
496	2287
496	936
496	2029
496	1584
496	1583
497	1733
498	1733
498	1231
500	1231
500	1293
501	1529
501	1562
502	547
502	1231
502	881
502	1557
502	505
503	1952
503	505
504	1970
505	1952
505	547
505	1733
505	1231
506	1602
506	854
506	1489
506	2291
506	2196
506	2197
506	822
507	2657
507	2379
507	2260
508	1792
508	2282
509	1606
509	712
509	560
509	733
510	1338
511	1748
513	2340
513	2023
513	2412
513	1325
513	2066
513	2229
513	1559
514	2304
514	1978
515	2063
515	729
515	730
516	1366
516	2385
517	520
517	518
517	519
518	519
518	520
518	1962
518	2061
518	531
518	1491
518	1492
518	1883
519	2340
519	520
519	1559
519	1562
519	1950
519	2335
519	546
519	1958
519	1959
519	1584
519	1103
519	2521
519	2277
519	1513
519	1514
519	2042
520	2690
520	592
520	1553
522	2355
522	1175
523	554
523	2159
523	1731
523	1546
524	1657
524	599
524	1556
525	944
525	835
525	756
526	1913
528	1684
528	948
528	1085
528	1663
529	580
529	615
529	1111
529	1122
529	942
529	1016
529	946
529	612
529	984
529	1113
529	986
530	709
530	1128
530	1101
530	691
530	921
530	1019
530	988
531	1169
531	1170
531	2287
531	2335
531	2340
531	1960
531	1961
531	1094
531	1492
531	2262
531	2029
531	936
532	960
532	962
532	1078
532	975
532	629
532	918
532	767
534	1632
534	1026
534	1015
535	2376
536	1106
536	1215
537	1546
537	1653
537	695
537	1176
537	538
538	2129
538	1319
538	1132
538	1104
538	1320
538	595
538	1653
538	2039
538	954
538	2293
539	1211
539	621
539	1078
539	1039
540	2076
540	1461
540	1596
540	541
541	1595
541	1454
541	1521
541	2075
541	2076
542	1865
542	1139
542	933
543	1895
543	2260
543	1559
543	1722
543	2335
544	2344
544	977
544	2204
545	548
545	934
545	936
545	1033
545	970
545	720
545	919
545	1226
545	1034
546	1955
546	2277
546	550
546	1514
546	2039
546	2191
546	2068
546	1173
546	1789
546	1175
546	2014
546	2335
547	2323
547	1465
547	1231
548	551
550	1895
550	2014
550	2028
550	2189
550	2039
550	1551
550	2174
552	961
552	1093
552	1064
552	975
552	1044
552	918
552	951
552	1211
552	1125
554	1547
554	1546
554	2128
554	595
554	1556
555	1127
556	1805
556	901
556	1804
556	1421
556	557
557	901
559	960
560	1287
560	822
560	1241
560	2588
560	1179
560	1178
561	896
561	2052
561	2517
561	1240
562	2674
562	563
562	1942
562	1943
562	953
562	1692
563	1379
563	1163
563	2674
563	1620
563	1692
564	1954
564	2340
564	1542
564	1770
564	2295
564	1454
564	2335
564	2418
564	1559
564	1941
564	1849
567	836
567	2025
567	2026
567	759
567	2135
567	568
567	569
567	2237
568	569
568	1230
568	1475
568	756
568	1582
568	1497
570	1173
570	2310
570	1201
571	1108
571	1758
571	1223
572	2327
572	1748
572	573
573	2327
576	2221
576	1264
576	1495
576	2619
577	1541
577	1475
578	952
578	597
578	2109
580	2116
580	1030
580	614
580	1136
580	1007
580	1008
580	977
580	1032
580	983
580	987
582	2097
583	584
583	684
583	1434
583	1691
586	724
587	684
587	1690
588	2032
588	2057
588	1894
588	2262
591	1635
591	869
591	1475
591	755
592	2690
593	1293
594	940
594	733
595	1320
595	1319
595	2128
595	1556
595	1546
597	1483
597	2109
598	2155
598	653
598	1714
598	796
600	1580
600	602
600	1500
600	765
600	1647
602	2102
603	985
603	1151
606	2327
607	1177
607	615
607	1053
607	1446
608	2200
608	609
608	643
609	643
609	2550
609	2207
610	2132
610	1685
610	1798
612	984
614	1093
614	615
614	1098
614	1137
614	946
614	951
614	1144
614	1113
614	1053
614	1086
614	1023
615	1098
615	1037
615	1103
615	2705
615	946
615	984
615	986
615	2427
615	1086
616	984
616	617
616	946
616	916
617	916
619	821
619	1883
620	1228
621	1211
621	1165
621	1078
621	1127
622	955
623	1096
623	1037
623	1101
623	983
623	1848
623	1083
624	939
624	1189
626	1040
626	961
627	628
629	960
629	962
629	1078
629	767
630	1005
631	761
631	756
631	1181
632	2056
632	1215
633	1729
635	1075
635	702
636	803
637	1555
637	1091
637	2332
637	1014
637	2583
640	1387
640	1939
641	1315
641	2491
642	2298
642	2021
643	1639
643	2642
643	948
643	670
644	2499
644	2198
646	1683
647	1858
647	2147
647	1735
647	1194
647	2317
647	1041
647	1046
647	1659
647	1183
649	2598
649	2065
649	2199
649	1564
650	1409
650	930
650	2123
650	1261
650	1565
651	1435
651	1421
651	863
652	866
652	1571
652	1540
652	679
652	661
653	796
654	2058
654	1514
655	2136
655	1931
655	1806
656	746
657	868
658	948
660	1133
660	766
660	997
661	776
663	865
663	866
663	670
665	830
666	715
666	1644
666	1261
666	1299
666	1110
666	2327
667	674
668	1683
670	865
670	948
670	1812
670	1215
671	1738
671	1306
671	1438
672	761
672	789
674	2571
674	2380
674	1555
674	2355
674	1023
675	994
675	742
675	724
675	1174
675	1175
675	1241
676	1450
678	1814
680	2152
680	1915
680	1613
683	1568
683	685
684	1233
684	1690
684	1434
685	1568
685	801
685	802
685	1174
685	1517
685	756
686	1058
686	687
688	1155
688	765
689	1594
690	709
691	1002
694	695
695	1004
695	1176
696	1479
697	1993
697	1994
697	939
697	1278
699	2562
699	1099
699	1125
699	1067
699	1100
699	1218
699	2259
699	1112
701	962
702	1075
702	1644
703	1341
704	705
705	1224
705	1762
705	1068
705	1015
708	1112
709	1137
709	1096
709	1067
709	1101
709	1777
709	1138
709	980
709	983
709	1128
709	988
709	1246
711	712
711	1618
711	1748
711	952
711	891
712	1093
712	878
712	891
712	733
713	1385
714	2456
714	1733
715	1384
715	1644
716	835
716	2052
716	1240
716	2517
716	2199
720	1027
720	1125
720	934
720	936
720	1033
720	970
720	918
720	919
720	1034
721	2273
721	883
721	1339
722	2402
722	1190
722	1525
722	898
722	783
722	1587
722	1851
722	1087
723	2340
723	2277
723	1227
723	2229
723	1849
724	898
724	1174
724	1647
724	1492
724	822
724	2287
725	1572
726	1120
726	998
726	944
726	1213
726	1214
726	1087
727	949
729	2158
729	2063
729	2321
729	730
730	2238
730	2063
732	2185
732	733
732	2118
733	1606
733	745
733	2365
734	1582
735	2709
736	961
736	870
741	769
742	994
742	1685
742	1174
742	1175
743	2351
743	1619
743	1203
743	887
744	1332
746	1901
747	1370
747	2218
747	2631
749	2527
750	1988
751	2195
751	1503
754	1728
755	1635
755	804
755	2156
755	757
756	835
756	777
756	1332
756	1174
758	2336
758	2109
759	866
759	2135
761	2604
761	789
762	1129
762	996
763	1795
763	1403
763	844
765	2689
765	930
765	1107
765	2526
767	960
767	962
767	970
767	1078
769	1080
769	1844
769	1156
769	2589
775	776
776	863
777	1179
778	1307
778	2616
778	995
778	2451
780	1552
780	1946
780	1853
780	1574
780	1517
782	1950
782	1175
782	1885
782	2014
785	794
785	1868
785	2194
786	935
787	1264
787	2619
790	1275
791	1392
791	2202
791	1389
793	1301
793	830
794	1789
794	1574
794	1868
794	2253
794	1517
794	2194
794	2068
794	825
796	822
796	1574
796	1517
796	1973
798	859
801	802
801	1324
801	814
801	1517
801	2066
801	1174
801	855
801	1435
802	814
802	1517
802	2066
802	1486
802	1174
802	1435
803	1190
804	1268
804	1581
804	1549
806	898
806	1108
806	1585
807	1142
808	1864
808	1793
809	1393
814	2066
814	1174
815	1305
815	2318
816	1193
816	822
819	1121
819	1062
819	1009
819	1361
819	1430
819	824
821	1642
822	1665
822	1796
822	1385
822	1290
822	1932
822	1517
822	2102
822	1193
823	925
823	1453
824	1088
824	1074
824	1245
826	840
826	1644
826	1781
826	1935
830	1301
832	1318
833	938
835	844
837	1796
837	838
839	1976
839	2558
839	1977
840	1644
840	1781
842	1458
842	1459
843	1719
844	2357
844	1261
845	1424
845	1101
846	2304
846	847
847	2304
847	1121
847	1315
847	2570
847	2491
849	1987
849	2596
849	2449
849	850
850	1987
851	2335
854	2368
854	2196
854	2372
854	2023
854	1961
854	1602
854	2287
854	2353
854	2197
854	1464
854	2300
854	1791
857	1264
857	1495
857	2619
857	1948
857	1949
857	1951
862	2025
862	1478
863	948
865	1504
865	866
865	1571
865	1540
865	1574
866	1571
866	1540
868	1958
869	2635
871	1126
871	1967
871	976
871	917
871	2557
874	1908
876	1894
877	2335
877	1124
877	2277
877	1063
878	2570
878	2379
878	2543
878	1500
880	1896
880	948
881	2380
881	1965
881	2352
881	1557
881	1367
881	1497
881	2077
882	1750
883	1339
887	2351
890	2344
890	2259
891	2168
891	1618
891	1908
893	1522
893	1570
894	1504
894	1569
894	1508
894	1572
894	925
896	2052
896	2517
896	1946
896	1240
896	2202
897	2212
897	2508
898	1189
898	1585
898	1362
898	1809
898	1851
898	1597
898	2303
901	1507
904	1550
905	962
905	955
907	1506
909	910
910	964
910	2035
911	1812
911	1215
912	929
912	1147
912	975
913	2338
913	2410
913	2349
913	1837
913	1776
913	2584
913	1118
914	1188
915	931
915	958
915	1006
915	1079
916	984
917	978
917	1422
917	945
917	2450
917	1213
918	1027
918	1156
918	919
918	1687
918	928
918	938
918	951
918	1211
918	961
918	1093
918	1098
918	975
918	1125
918	1129
918	1044
919	1027
919	1125
919	934
919	936
919	1033
919	970
919	1101
919	945
919	1034
920	921
921	988
922	2108
923	1546
923	1695
925	1504
926	1291
927	951
928	1124
928	999
928	1129
928	938
928	939
928	1196
928	1198
928	1039
928	1156
928	1687
928	1063
928	1098
929	1147
930	2526
931	1090
931	969
931	951
931	1144
931	958
932	975
933	1093
933	1139
933	1237
933	1148
934	936
934	1033
934	970
934	1034
935	1018
936	1033
936	970
936	1071
936	1492
936	2287
936	1034
937	1067
938	1156
938	1129
938	1098
938	1687
938	1183
939	940
939	1196
942	984
942	946
942	991
942	975
943	1787
943	949
943	1219
944	1028
944	945
944	1330
944	2614
945	1158
945	1037
945	1101
945	1777
945	1011
945	2330
945	987
946	2343
946	1073
946	1008
946	2275
946	984
946	954
946	991
947	2112
947	2275
947	2640
948	1286
948	1734
948	1738
948	1517
948	1264
948	2166
948	1241
948	2591
948	2076
948	1181
948	1631
949	1012
949	1787
949	1219
950	975
951	961
951	1090
951	1093
951	1309
951	969
951	975
951	963
951	1044
951	1144
951	1211
951	1125
952	2020
953	2611
953	1061
954	1557
954	2039
955	1176
955	962
955	1078
958	1127
959	1794
959	1124
959	2557
960	962
960	1561
960	970
960	1078
960	1209
961	963
961	1093
961	975
961	1044
961	1211
961	1125
962	1078
962	1176
963	1035
963	1135
965	1650
965	1651
967	1574
967	1682
967	1877
967	1334
967	1435
967	1308
967	1181
969	1090
969	1125
969	1235
969	979
969	1015
969	1144
969	1081
969	1055
970	1033
970	1034
970	1248
971	2311
972	1127
972	1165
972	1063
973	1147
974	1063
975	1095
975	1165
975	1044
975	1211
975	1125
975	1093
977	1762
977	1617
977	1224
977	1101
977	1007
977	1905
978	1422
980	1137
980	1138
983	1152
983	1777
983	1234
983	1101
983	1137
983	1138
983	1016
983	1096
983	1023
983	1093
984	992
984	993
984	1279
985	1699
987	1041
987	1425
987	2163
987	1112
987	2330
987	1053
989	1028
990	1251
990	1188
990	1157
990	1158
990	1195
990	1016
990	1053
991	1057
991	995
991	1008
991	1074
992	1640
992	993
993	1640
994	1174
994	1175
997	1761
997	1762
997	1133
997	1106
997	1145
998	1120
998	1016
998	1035
998	1036
999	1056
999	2292
999	1198
999	1888
1000	1001
1000	1924
1000	1164
1000	1087
1004	1189
1004	1847
1004	1042
1004	2035
1004	1528
1004	2299
1007	1030
1007	1008
1007	1109
1007	1032
1008	1109
1009	1121
1009	1361
1009	2155
1009	1425
1009	1011
1010	1083
1010	1035
1011	2404
1011	1349
1011	1158
1012	1247
1013	2592
1013	2613
1013	1014
1013	1073
1015	1120
1016	1122
1016	1603
1016	1164
1016	1037
1017	1018
1018	1371
1018	1070
1019	1020
1019	1021
1020	1021
1023	1152
1023	2571
1023	1144
1023	1113
1023	1053
1024	1362
1026	1798
1026	2415
1027	1125
1027	1292
1030	1090
1031	2492
1033	1034
1035	1036
1035	1135
1035	2609
1035	1083
1035	1662
1036	2609
1037	1253
1037	2405
1037	1777
1037	1223
1037	1103
1037	2705
1037	2271
1038	1272
1038	1247
1039	1124
1039	1063
1039	1196
1040	1057
1041	1183
1041	1735
1042	1189
1042	1958
1042	1169
1042	2035
1043	1600
1043	1767
1043	2489
1043	2224
1043	2322
1043	2260
1043	1849
1043	2521
1043	2047
1044	1093
1044	1064
1044	1211
1044	1125
1046	1155
1046	2696
1046	1769
1046	1194
1046	2160
1046	2147
1046	1238
1046	1659
1052	1968
1053	1446
1053	1062
1053	1137
1053	2163
1053	1782
1055	1082
1055	1831
1055	1101
1056	1834
1056	2292
1056	1198
1056	2038
1059	1997
1059	2493
1061	2257
1061	2611
1061	1497
1062	1227
1062	1125
1063	1124
1063	1127
1063	1196
1063	1165
1063	1211
1065	1066
1067	1139
1067	1246
1070	1371
1071	1184
1073	2689
1073	2030
1073	2031
1073	2032
1073	2033
1073	2165
1073	2646
1073	2231
1073	2526
1073	2613
1074	1088
1074	1245
1074	1333
1076	1077
1077	2340
1077	2335
1078	1211
1078	1209
1080	1131
1080	1156
1080	1111
1081	1262
1083	1096
1083	1138
1084	2609
1084	1662
1085	1169
1086	1098
1087	2402
1087	1924
1087	1227
1087	1525
1087	1214
1088	1089
1089	2611
1090	1144
1091	1555
1091	2583
1092	2429
1093	1098
1093	1211
1093	1125
1094	1539
1096	1250
1096	1101
1096	1138
1096	1782
1097	1113
1098	1156
1098	1129
1098	1687
1099	1792
1099	2340
1099	1125
1099	1100
1099	1905
1099	1112
1100	1125
1100	1456
1100	1905
1100	1112
1100	2277
1101	1138
1101	1782
1101	1777
1103	1253
1103	2413
1103	1584
1103	2391
1103	1562
1103	2427
1104	2293
1106	1184
1106	1215
1108	1422
1108	1782
1108	1784
1108	1178
1108	1180
1108	1758
1110	2073
1110	1644
1111	1669
1111	1192
1111	1131
1111	1113
1113	1152
1115	2546
1115	1701
1115	2711
1116	1414
1118	2530
1118	1429
1119	2171
1120	2155
1120	1197
1121	1361
1121	1430
1121	1343
1123	1759
1123	1467
1123	1223
1123	1887
1124	1196
1125	1211
1125	1183
1126	2134
1127	1165
1129	1156
1129	1677
1129	1617
1129	1687
1137	1245
1137	1138
1137	1782
1138	1234
1138	1782
1143	2466
1145	1762
1145	1422
1145	1761
1146	1759
1148	1237
1148	1373
1150	1904
1153	1154
1153	2348
1153	1950
1154	2515
1155	2049
1155	2617
1155	1769
1155	1162
1155	1161
1155	1593
1156	1687
1157	1251
1157	1158
1158	2404
1158	2445
1158	1349
1159	1205
1160	1161
1161	1162
1162	2049
1162	1593
1162	1335
1162	2631
1162	1303
1162	1694
1163	1379
1163	1692
1167	1168
1167	1909
1168	1909
1169	1638
1169	1231
1170	2010
1172	1173
1172	1175
1173	1559
1173	2350
1173	1263
1173	1201
1173	2673
1173	1175
1173	1241
1173	1820
1173	1789
1173	2335
1174	1647
1174	1559
1174	1643
1174	2066
1174	1973
1174	1241
1174	1517
1174	1175
1175	1789
1175	2355
1175	1241
1175	1885
1178	1784
1178	1179
1179	1318
1180	2275
1180	2318
1180	1782
1180	2391
1180	1784
1181	1868
1183	1312
1183	2315
1183	2217
1183	1659
1186	1228
1188	1251
1189	1585
1189	2035
1190	1525
1192	1447
1192	1772
1192	1671
1193	1932
1193	1517
1193	2639
1193	1243
1194	2696
1194	1769
1194	1814
1194	2713
1199	2169
1199	1549
1201	1440
1201	1435
1203	2351
1205	1436
1206	1441
1207	1246
1211	1212
1211	1620
1212	1620
1213	2277
1213	2030
1213	1214
1213	2450
1213	2335
1215	2056
1215	1812
1216	1389
1216	1806
1216	1415
1217	1280
1218	2259
1219	1988
1219	1748
1219	1787
1223	1376
1223	2122
1223	1779
1223	1783
1223	1758
1224	1762
1225	1909
1225	2445
1227	2277
1229	1780
1230	1254
1231	1733
1234	2176
1234	1917
1237	2456
1237	1373
1238	2049
1238	1462
1240	2052
1240	2604
1240	2517
1240	1403
1241	1287
1241	2218
1241	1643
1241	1613
1241	2350
1242	1517
1242	1574
1242	2591
1243	2639
1245	1964
1249	2256
1249	1430
1249	1501
1255	1448
1255	1378
1255	1379
1255	1772
1256	2466
1261	1409
1261	1299
1261	2327
1264	2221
1264	1495
1264	2619
1267	1665
1268	1418
1268	1925
1269	2648
1269	2015
1269	2023
1272	2433
1272	2308
1272	2405
1272	2439
1272	1448
1272	1385
1272	1772
1272	1336
1272	1779
1272	1617
1272	1784
1272	1273
1272	1467
1272	2122
1272	1765
1273	2122
1273	1779
1273	1766
1275	1721
1275	2139
1275	2115
1275	2083
1275	2644
1275	2263
1275	2015
1275	2023
1275	1900
1275	2296
1278	1571
1278	1994
1278	1517
1278	1527
1278	1514
1280	1767
1280	2047
1284	1285
1290	1737
1290	1302
1290	1665
1302	1737
1302	1665
1303	2049
1303	1335
1303	2458
1303	1694
1305	2318
1305	1782
1306	1738
1309	1726
1310	2122
1312	2315
1312	1765
1315	2570
1315	2491
1318	1899
1318	2020
1319	1320
1319	1653
1319	2293
1320	1546
1320	2035
1320	2293
1320	1653
1324	1385
1325	2066
1325	2340
1325	1559
1328	1427
1330	1442
1330	2614
1331	2226
1331	1557
1331	1846
1335	2049
1336	2308
1336	1765
1336	1451
1336	1617
1336	1337
1337	1617
1337	1783
1337	1759
1339	1957
1339	2277
1341	1343
1345	1737
1345	1665
1347	1348
1351	1372
1352	2256
1353	2392
1356	1435
1357	2354
1357	2275
1362	1585
1363	2218
1363	1574
1363	1631
1367	1602
1367	2319
1367	2256
1367	2491
1368	2248
1369	2188
1369	2165
1369	2646
1369	1848
1369	1754
1370	2218
1370	2631
1372	2582
1375	1784
1375	1759
1376	1784
1376	2439
1376	1772
1377	2324
1377	1941
1378	1379
1378	2439
1379	2439
1379	1448
1379	1772
1381	1612
1381	1610
1381	1611
1381	1654
1381	1655
1381	1656
1382	2237
1384	1933
1384	1398
1385	1389
1385	1392
1385	2166
1386	1936
1386	1675
1386	1806
1389	1392
1389	1806
1391	1414
1393	2136
1393	1421
1395	1763
1398	1933
1399	2218
1399	2292
1402	1682
1405	1728
1405	1672
1405	2305
1405	1638
1405	1919
1409	2152
1410	1707
1411	1644
1414	1415
1414	1675
1415	2327
1418	1925
1421	2136
1422	1743
1422	1427
1423	1520
1424	1770
1425	1430
1426	2503
1427	1433
1428	2716
1430	2256
1431	2277
1431	1437
1432	1449
1433	1505
1435	1504
1435	1859
1435	1574
1435	1450
1435	1601
1435	1468
1436	1797
1438	1665
1442	2614
1443	2684
1443	2627
1443	1980
1443	2012
1443	2513
1443	2268
1443	2070
1443	2652
1445	1603
1447	1671
1448	2433
1448	1765
1448	2439
1448	2122
1448	1772
1448	1779
1448	2405
1450	1876
1450	1859
1451	1728
1451	1617
1453	1587
1454	1891
1454	2340
1454	1559
1454	2059
1454	1849
1454	2295
1454	2229
1454	1551
1454	2174
1454	1973
1456	2277
1458	1459
1461	1705
1461	2076
1461	2151
1462	1890
1462	1771
1462	1765
1462	2182
1462	1711
1462	2147
1464	2368
1464	2372
1464	2023
1464	1961
1464	2353
1464	1470
1465	2323
1465	2228
1465	2239
1467	1472
1467	2466
1467	2212
1467	1765
1467	2439
1467	1617
1467	1784
1470	2412
1470	2023
1471	1974
1472	1617
1473	1474
1475	2021
1475	1495
1475	1597
1476	1559
1480	2330
1483	1792
1483	2660
1483	1884
1487	1488
1488	1489
1489	1602
1489	2291
1489	2196
1489	2197
1491	1964
1491	1492
1491	1947
1492	1960
1492	1962
1492	2061
1492	2287
1492	1961
1492	2262
1493	1553
1493	1634
1493	1580
1493	1578
1494	2407
1495	2221
1495	2619
1495	1949
1497	2380
1497	2257
1499	2233
1499	2109
1500	2336
1500	2379
1500	2543
1501	2340
1501	2229
1501	1559
1504	1573
1504	1565
1505	1934
1507	1587
1507	1604
1508	1572
1511	2296
1511	2028
1513	1515
1514	2276
1514	2322
1514	2260
1514	2335
1514	2277
1516	2273
1516	2058
1517	1796
1517	1552
1517	2591
1517	1576
1517	2218
1517	2604
1517	1966
1517	1973
1517	1859
1517	1866
1517	1623
1517	2267
1517	1574
1517	1639
1517	2292
1517	1577
1517	1877
1518	1559
1519	2282
1520	2061
1520	1521
1522	1570
1522	2374
1523	2640
1523	2074
1523	1524
1524	2640
1524	2074
1525	2402
1525	1587
1528	2299
1529	1562
1530	1562
1530	1791
1530	2133
1531	1532
1533	2199
1538	1636
1540	1571
1540	1588
1542	2340
1542	2095
1542	1559
1543	1544
1543	1545
1544	1545
1545	2350
1546	1547
1546	2128
1546	1556
1546	1653
1546	1695
1547	2128
1547	1556
1549	1639
1549	2346
1549	2492
1551	2189
1551	2174
1552	1946
1552	1853
1552	1574
1553	1634
1553	1578
1554	1874
1554	2079
1555	1904
1555	2583
1555	2328
1555	1849
1556	2128
1556	1657
1557	1846
1558	1569
1558	1642
1559	2059
1559	2066
1559	2335
1559	1954
1559	2340
1559	1973
1562	1584
1562	2133
1564	1852
1564	2238
1566	1573
1569	1642
1569	2035
1574	1576
1574	1877
1574	1577
1574	2591
1574	1631
1576	1577
1580	1652
1581	2156
1582	1842
1583	1584
1583	1592
1583	2204
1583	2010
1583	2335
1585	1809
1585	1597
1585	2303
1587	2402
1587	1604
1592	2340
1594	1696
1594	2283
1595	2076
1595	2075
1595	1596
1600	1767
1600	1849
1600	2229
1601	2223
1602	2319
1602	2256
1602	2291
1602	2196
1602	2197
1602	2102
1602	2109
1604	1605
1605	2170
1608	2632
1610	1611
1610	1612
1610	1654
1610	1655
1610	1656
1610	1661
1611	1612
1611	1654
1611	1655
1612	1654
1612	1655
1613	2218
1613	1717
1613	1915
1614	2593
1615	1896
1615	2579
1617	2466
1617	1765
1617	2439
1617	1677
1617	2612
1617	1783
1617	1784
1617	1759
1631	2218
1632	1668
1637	2104
1637	2175
1637	1702
1638	1728
1638	2201
1638	1691
1638	1919
1639	1866
1639	2492
1639	2218
1640	2336
1640	2248
1640	2412
1641	1746
1644	1935
1645	2684
1645	2487
1648	2243
1648	1649
1648	1657
1648	2111
1649	1657
1649	2243
1649	2111
1650	1658
1650	1651
1650	1711
1651	1658
1652	2185
1653	2035
1654	1655
1654	1661
1654	1656
1654	1689
1655	1656
1655	1661
1656	1688
1656	1689
1656	1661
1657	2243
1657	2111
1657	2347
1657	1695
1658	1711
1659	2160
1661	1688
1661	1689
1662	2609
1663	1684
1664	1692
1665	1737
1666	2050
1668	1669
1672	2305
1672	1676
1676	2305
1680	2018
1680	1956
1680	2028
1680	2295
1683	1776
1685	1997
1687	2355
1688	1689
1690	1691
1692	2674
1694	2006
1698	1701
1702	2008
1702	2175
1702	2212
1702	1703
1703	2008
1703	2612
1705	2076
1708	2296
1709	2192
1713	1929
1714	2155
1716	1969
1721	2115
1723	2387
1728	1919
1731	2159
1732	2332
1738	2166
1738	2076
1748	1988
1748	2207
1749	1970
1751	2340
1751	2324
1751	2521
1753	2513
1753	2707
1753	1790
1753	2038
1754	1767
1756	1776
1756	1760
1758	1777
1758	1783
1758	1759
1758	2271
1759	1777
1759	1783
1759	1945
1759	2271
1762	1763
1762	1905
1762	2231
1763	2467
1764	2584
1764	2721
1764	1995
1765	1771
1765	2182
1765	2315
1765	1784
1765	1779
1765	2122
1766	1778
1767	1956
1767	2259
1767	2503
1767	2229
1767	1849
1767	2521
1767	2047
1768	1774
1768	1775
1769	2252
1769	2696
1769	1814
1771	1925
1771	2182
1772	2439
1774	1776
1774	1775
1775	1776
1776	2338
1776	1837
1776	1983
1777	2271
1778	2508
1779	2466
1779	2318
1779	2423
1779	2122
1780	2183
1782	2521
1782	2271
1784	2212
1784	2318
1784	1945
1789	1955
1789	2039
1789	2253
1789	2068
1791	1792
1791	2300
1792	2340
1792	2258
1792	2133
1802	2499
1802	2708
1802	2654
1803	2125
1806	1830
1806	1931
1806	1936
1807	1924
1810	2102
1810	2015
1812	1843
1815	2567
1820	2673
1824	2459
1829	2513
1834	2036
1834	2038
1835	2423
1837	2338
1837	2154
1837	2255
1837	1944
1837	2393
1837	2012
1837	2590
1837	2431
1846	2350
1846	1849
1847	2215
1847	2646
1847	1848
1847	2299
1848	2503
1848	2215
1848	2188
1848	2259
1848	2165
1848	2646
1848	2231
1849	2275
1849	2328
1849	2072
1849	1956
1849	2345
1849	2229
1849	2259
1849	2340
1849	1891
1849	2277
1849	2418
1849	2295
1851	1915
1858	2317
1859	1876
1861	2236
1866	2218
1868	2194
1873	1969
1873	2238
1873	2135
1874	2079
1878	1946
1878	2202
1881	1882
1884	1898
1884	2292
1885	2335
1886	2289
1886	2449
1891	2275
1891	2340
1891	1957
1891	2343
1891	2229
1891	2295
1894	2068
1894	2350
1895	2049
1895	2189
1895	2480
1895	2260
1895	2039
1895	2042
1895	2335
1895	1918
1896	1897
1896	2579
1898	2292
1904	2282
1904	2072
1904	2328
1908	2168
1909	2445
1913	2315
1913	2436
1915	2218
1917	2294
1918	2189
1922	2419
1926	2409
1928	2254
1930	2218
1930	2292
1932	2102
1935	2332
1938	2089
1941	2075
1941	2324
1942	1943
1944	2590
1946	2202
1949	1951
1950	1955
1950	2311
1950	2014
1951	1953
1952	1953
1954	2340
1954	1960
1955	2039
1956	2018
1956	2028
1956	2131
1956	2295
1957	2343
1957	2275
1958	1960
1958	2089
1958	2130
1958	2248
1958	2068
1958	2014
1958	2687
1959	2277
1959	2247
1960	2340
1960	1961
1960	2262
1961	2368
1961	2372
1961	2023
1961	2353
1962	2061
1962	2195
1965	2529
1965	2277
1965	2055
1965	2077
1965	2352
1965	2545
1965	2229
1965	2010
1968	2229
1968	2102
1968	2335
1969	2694
1969	2540
1969	2712
1969	2494
1971	2590
1972	2238
1973	2194
1976	1977
1980	2721
1980	2627
1980	2684
1980	2673
1980	2652
1981	2019
1982	2608
1985	2292
1988	2430
1993	1994
1995	2584
1995	2435
1997	2493
2002	2722
2005	2138
2005	2627
2007	2599
2008	2612
2009	2578
2009	2599
2010	2204
2010	2335
2012	2665
2012	2284
2012	2460
2012	2431
2013	2513
2014	2189
2014	2068
2015	2083
2015	2023
2015	2102
2015	2648
2018	2028
2018	2131
2021	2291
2021	2576
2023	2368
2023	2372
2023	2248
2023	2353
2023	2648
2023	2265
2023	2300
2023	2412
2025	2026
2028	2131
2029	2287
2030	2689
2030	2033
2030	2031
2030	2032
2030	2526
2031	2689
2031	2033
2031	2289
2031	2032
2031	2295
2031	2273
2031	2526
2031	2335
2032	2689
2032	2033
2032	2057
2032	2262
2032	2526
2033	2689
2033	2526
2034	2035
2036	2037
2036	2038
2037	2600
2037	2513
2037	2038
2038	2600
2038	2513
2039	2042
2042	2424
2043	2456
2047	2282
2047	2229
2047	2625
2047	2521
2049	2458
2049	2607
2049	2078
2052	2517
2055	2255
2055	2161
2057	2350
2057	2068
2057	2262
2058	2273
2065	2598
2066	2340
2066	2229
2068	2282
2068	2253
2068	2350
2068	2191
2068	2262
2070	2268
2072	2328
2074	2093
2074	2661
2075	2076
2075	2335
2075	2324
2075	2229
2075	2296
2076	2166
2077	2352
2078	2459
2078	2607
2081	2102
2083	2115
2083	2263
2083	2139
2089	2248
2089	2130
2089	2687
2095	2096
2099	2483
2099	2523
2102	2524
2102	2109
2102	2229
2102	2335
2104	2119
2108	2122
2109	2233
2111	2243
2112	2640
2115	2263
2115	2139
2122	2423
2130	2248
2130	2687
2133	2258
2134	2542
2135	2238
2139	2263
2148	2206
2154	2393
2154	2255
2158	2321
2161	2255
2164	2687
2165	2503
2165	2215
2165	2188
2165	2259
2165	2646
2165	2231
2188	2352
2188	2646
2196	2291
2196	2197
2197	2291
2201	2589
2204	2335
2207	2550
2211	2508
2215	2646
2218	2631
2218	2292
2220	2636
2220	2317
2221	2619
2224	2282
2224	2489
2224	2239
2228	2277
2228	2319
2228	2323
2228	2646
2228	2239
2229	2328
2229	2335
2229	2340
2229	2345
2229	2247
2229	2529
2229	2277
2229	2295
2229	2296
2229	2557
2231	2503
2231	2259
2231	2389
2231	2646
2234	2322
2234	2260
2237	2542
2238	2344
2238	2335
2239	2323
2239	2489
2240	2258
2246	2276
2246	2341
2246	2353
2247	2340
2247	2277
2247	2260
2248	2625
2248	2412
2248	2687
2253	2282
2255	2393
2256	2277
2256	2666
2256	2319
2256	2323
2257	2282
2259	2344
2259	2503
2259	2646
2260	2455
2260	2322
2260	2335
2260	2368
2260	2277
2260	2280
2260	2344
2262	2350
2263	2282
2267	2604
2275	2343
2275	2436
2275	2280
2275	2615
2275	2282
2275	2295
2275	2354
2275	2340
2277	2323
2277	2335
2277	2340
2278	2326
2280	2328
2282	2625
2282	2615
2283	2294
2284	2665
2284	2431
2289	2618
2291	2576
2292	2631
2295	2340
2295	2335
2296	2557
2310	2600
2310	2691
2311	2314
2315	2436
2317	2636
2318	2391
2322	2344
2325	2688
2328	2345
2335	2570
2335	2340
2335	2344
2335	2675
2344	2503
2344	2536
2344	2436
2345	2418
2348	2519
2349	2584
2349	2410
2353	2368
2353	2372
2356	2619
2368	2372
2377	2525
2379	2703
2382	2709
2391	2413
2392	2496
2397	2709
2405	2433
2407	2569
2410	2584
2413	2427
2426	2624
2426	2513
2431	2665
2432	2509
2449	2511
2451	2616
2451	2475
2460	2688
2460	2597
2465	2671
2471	2525
2475	2616
2483	2523
2491	2570
2494	2712
2495	2570
2499	2708
2499	2654
2502	2551
2503	2562
2503	2646
2512	2674
2513	2624
2513	2643
2513	2707
2515	2661
2526	2689
2534	2652
2534	2670
2546	2711
2549	2652
2549	2654
2561	2672
2565	2628
2578	2599
2592	2613
2596	2602
2600	2691
2624	2643
2625	2687
2627	2684
2627	2721
2627	2652
2628	2672
2652	2721
2652	2684
2654	2708
2684	2721
