0	307
0	308
1	2625
1	3
1	100
1	2282
1	2253
1	2102
1	1497
1	2524
1	285
2	6
2	2188
2	2323
2	21
2	23
2	24
2	25
2	32
2	35
2	36
2	1061
2	39
2	43
2	49
2	2228
2	2358
2	1465
2	60
2	190
2	2239
2	197
2	326
2	74
2	2256
2	547
2	1367
2	601
2	2047
2	91
2	92
2	97
2	358
2	2023
2	1130
2	875
2	366
2	496
2	881
2	115
2	2548
2	373
2	1275
2	277
3	1792
3	100
3	101
3	2625
3	2248
3	508
3	2282
3	2253
3	23
3	568
3	1497
3	91
3	92
3	285
4	2348
5	523
5	675
5	36
5	326
5	561
5	8
5	291
5	1643
5	44
5	79
5	115
5	2280
5	339
5	2260
5	1174
5	313
5	2040
5	20
5	1241
5	158
6	2312
6	2188
6	1043
6	277
6	23
6	24
6	25
6	32
6	1584
6	35
6	36
6	1061
6	39
6	43
6	2224
6	49
6	2358
6	2489
6	190
6	2239
6	197
6	326
6	851
6	2644
6	601
6	91
6	92
6	97
6	228
6	486
6	358
6	2023
6	1130
6	366
6	2287
6	496
6	115
6	2548
6	373
6	1275
6	21
7	652
7	466
7	356
7	1652
8	2658
8	675
8	1643
8	79
8	1174
8	313
8	158
9	1445
9	1437
10	101
10	2344
10	489
10	1962
10	11
10	2238
10	2335
11	2060
11	110
11	751
11	2195
11	1962
12	810
12	493
12	13
12	1606
12	733
13	1606
13	810
13	1613
13	509
13	560
13	2365
13	493
13	220
13	733
14	65
14	1542
14	71
14	2289
14	2618
14	1598
15	2528
15	1699
15	113
15	1513
15	652
15	366
15	721
15	112
15	209
15	820
15	21
15	406
15	1454
15	985
15	474
15	1339
15	2095
15	1493
16	359
17	1733
17	492
17	460
17	461
17	300
17	350
18	2132
18	2613
18	1798
18	1767
19	576
19	267
19	2703
19	2576
19	2706
19	404
19	44
19	2221
19	2619
19	2368
19	193
19	450
19	139
19	198
19	2379
19	1488
19	2645
19	1495
19	857
19	91
19	2021
19	1264
19	2291
19	507
20	2040
20	523
20	339
20	359
21	2449
21	277
21	23
21	24
21	25
21	1690
21	197
21	32
21	35
21	36
21	1061
21	38
21	39
21	43
21	175
21	49
21	564
21	2335
21	190
21	64
21	581
21	326
21	469
21	601
21	91
21	92
21	224
21	408
21	358
21	2023
21	1542
21	1517
21	366
21	496
21	115
21	372
21	373
21	1275
21	1278
23	269
23	2064
23	24
23	25
23	32
23	35
23	36
23	1061
23	39
23	1961
23	43
23	49
23	1464
23	190
23	2239
23	2368
23	2353
23	197
23	326
23	2372
23	2258
23	854
23	601
23	91
23	92
23	635
23	358
23	2023
23	366
23	496
23	115
23	373
23	1275
23	254
23	277
24	269
24	2195
24	25
24	26
24	32
24	35
24	36
24	1061
24	39
24	1962
24	43
24	49
24	190
24	197
24	326
24	518
24	1492
24	601
24	91
24	92
24	2017
24	358
24	2023
24	366
24	2287
24	496
24	370
24	115
24	724
24	373
24	2267
24	468
24	1275
24	382
24	277
25	513
25	269
25	2574
25	2372
25	32
25	35
25	36
25	1061
25	39
25	1961
25	43
25	49
25	1464
25	190
25	2368
25	2353
25	197
25	326
25	467
25	851
25	85
25	854
25	601
25	91
25	92
25	2532
25	358
25	2023
25	366
25	2287
25	496
25	115
25	373
25	1275
25	508
25	277
26	2017
26	2353
26	2246
26	2567
26	2023
26	1492
26	269
26	2287
26	1464
26	370
26	947
26	468
26	2646
26	724
26	382
28	1457
28	1231
28	76
28	489
30	505
30	865
32	1792
32	35
32	36
32	1061
32	39
32	43
32	49
32	2226
32	190
32	2240
32	197
32	326
32	2258
32	2133
32	601
32	91
32	92
32	358
32	2023
32	366
32	496
32	115
32	373
32	1275
32	277
33	624
33	492
34	1665
34	292
34	807
35	1792
35	36
35	1061
35	39
35	43
35	49
35	2226
35	190
35	2239
35	2240
35	197
35	326
35	2258
35	2133
35	601
35	91
35	92
35	358
35	2023
35	366
35	496
35	115
35	373
35	1275
35	277
36	519
36	520
36	2057
36	523
36	1169
36	282
36	517
36	518
36	38
36	1959
36	424
36	43
36	49
36	187
36	190
36	577
36	197
36	326
36	712
36	1541
36	1955
36	601
36	91
36	92
36	2014
36	1061
36	358
36	2023
36	39
36	366
36	496
36	115
36	373
36	1275
36	277
37	868
37	1958
37	2057
37	1042
37	782
37	1789
37	1938
37	2109
37	1175
37	155
37	1885
38	385
38	389
38	519
38	2189
38	531
38	2335
38	1955
38	424
38	1965
38	49
38	946
38	954
38	712
38	469
38	2262
38	2340
38	102
38	1517
38	2545
38	115
38	2039
38	2042
38	381
38	1278
39	1170
39	1043
39	1061
39	2047
39	43
39	1557
39	49
39	190
39	2521
39	197
39	326
39	2249
39	601
39	91
39	92
39	97
39	358
39	2023
39	1767
39	366
39	496
39	881
39	115
39	373
39	1275
39	277
40	129
40	487
40	1231
40	2191
41	420
41	521
41	458
41	555
41	2158
41	2321
41	2613
41	1513
41	42
41	1013
42	66
42	2020
42	2321
42	402
42	2158
42	145
42	146
42	147
42	729
43	2287
43	930
43	1061
43	422
43	49
43	1586
43	60
43	190
43	373
43	197
43	326
43	74
43	851
43	85
43	601
43	91
43	92
43	2526
43	358
43	2023
43	2029
43	494
43	495
43	496
43	2034
43	115
43	366
43	547
43	1275
43	765
43	277
44	1154
44	134
44	2185
44	267
44	268
44	66
44	404
44	878
44	282
44	291
44	1578
44	1580
44	45
44	47
44	48
44	438
44	2619
44	2109
44	577
44	578
44	587
44	196
44	75
44	464
44	595
44	212
44	597
44	1495
44	857
44	1500
44	352
44	238
44	1264
44	1652
44	245
44	758
44	247
44	2044
44	1493
45	225
45	1154
45	196
45	297
45	1578
45	79
45	531
45	1652
45	1493
45	438
45	247
45	2185
45	212
45	282
45	2333
46	441
46	1410
46	1927
46	1383
47	1569
47	554
47	230
47	70
47	2185
47	1642
47	1547
47	125
47	1457
47	339
47	821
47	1558
47	247
47	249
47	1546
47	222
47	405
48	352
48	587
48	75
48	619
48	227
48	821
48	758
48	1500
48	351
49	519
49	486
49	523
49	2335
49	546
49	326
49	169
49	50
49	190
49	1731
49	197
49	70
49	518
49	339
49	469
49	601
49	91
49	92
49	1061
49	227
49	2277
49	358
49	2023
49	489
49	1883
49	619
49	1517
49	366
49	2159
49	496
49	115
49	372
49	373
49	1275
49	1514
49	1278
49	277
50	523
50	518
50	169
50	619
50	227
50	1883
51	722
51	819
51	52
51	53
51	378
51	2203
52	2203
52	53
53	1755
53	2337
53	1219
53	1988
53	1990
53	1748
53	289
53	2388
53	332
53	78
53	913
53	722
53	750
53	313
53	57
53	378
53	2203
53	703
54	1377
54	163
54	1895
54	1554
54	2480
54	385
54	2258
54	115
54	2335
54	1874
54	2079
55	1859
55	1339
55	1964
56	115
56	1492
56	1491
56	1947
56	262
57	2562
57	1162
57	2059
57	1292
57	913
57	1557
57	1454
57	2103
57	313
57	447
57	323
57	324
57	2631
57	328
57	332
57	85
57	1495
57	217
57	1145
57	1918
57	2047
58	2340
58	679
58	2229
58	1751
58	59
58	1501
58	1941
59	1600
59	2340
59	710
59	2295
59	2418
59	564
59	1941
59	1751
59	1849
60	547
60	422
60	358
60	74
60	494
60	81
60	114
60	115
61	2273
61	546
61	1542
61	231
61	1516
61	2189
61	2095
61	1570
61	984
61	2191
61	2014
62	560
62	721
62	2482
62	2603
63	264
63	2064
63	2386
64	130
64	1542
64	391
64	1538
64	282
64	163
64	390
64	423
64	1353
64	1849
64	65
64	67
64	69
64	73
64	205
64	84
64	218
64	219
64	220
64	224
64	1636
64	295
64	366
64	1906
64	212
65	1542
65	71
66	259
66	454
66	455
66	204
66	146
66	1342
66	437
66	414
67	265
67	2234
67	115
67	68
68	2661
68	1514
68	213
68	283
68	1278
69	130
69	390
69	1542
69	391
69	282
70	1377
70	197
70	232
70	339
70	282
71	1058
71	646
71	364
71	74
71	875
71	268
71	560
71	2289
71	2618
71	2570
71	1886
72	657
73	2055
73	1352
73	239
73	240
73	274
73	84
73	249
73	2490
74	2336
74	547
74	422
74	358
74	1500
74	362
74	364
74	461
74	567
74	1231
74	881
74	1685
74	502
74	1367
74	505
74	2570
74	190
75	770
75	227
75	806
75	263
75	425
75	619
75	2355
75	821
75	1687
75	587
75	1500
75	351
77	225
77	2314
77	1449
77	230
77	2311
78	952
78	176
78	675
78	177
79	520
79	2075
79	2076
79	2333
79	2609
79	1454
79	1972
79	2229
79	186
79	1595
79	2238
79	196
79	207
79	209
79	212
79	91
79	112
79	113
79	115
79	884
79	190
79	2260
80	130
80	261
80	1052
80	2093
80	1589
80	2074
80	2108
82	646
83	105
83	1362
83	1885
83	2335
84	1538
84	224
85	2275
85	2436
85	2276
85	326
85	327
85	324
85	1514
85	2412
85	2532
85	2574
85	2280
85	2023
85	1464
85	219
85	92
85	1470
85	351
87	1055
88	336
88	2169
88	874
88	1199
89	686
90	690
90	1035
90	938
90	709
90	1135
91	1792
91	307
91	267
91	1791
91	1061
91	1962
91	115
91	186
91	1721
91	954
91	190
91	2115
91	197
91	326
91	1099
91	467
91	2258
91	2083
91	2260
91	2263
91	601
91	2139
91	92
91	861
91	358
91	2023
91	508
91	875
91	366
91	2287
91	496
91	851
91	373
91	2267
91	1492
91	1275
91	2300
91	277
92	2570
92	277
92	2335
92	1061
92	190
92	197
92	326
92	203
92	601
92	358
92	2023
92	2282
92	366
92	1519
92	496
92	115
92	373
92	1275
92	508
92	106
93	1184
93	516
93	1071
93	1683
93	766
93	1366
93	668
93	94
93	639
94	867
94	844
94	785
94	1683
94	660
94	1366
94	794
94	766
95	897
95	2395
95	2212
95	2405
95	1446
95	2282
95	2251
95	1900
95	1053
95	1245
95	2163
95	2263
95	1784
95	2308
95	1467
95	1757
95	607
96	353
96	1350
96	351
97	2260
97	2312
97	2249
97	1130
97	1767
97	98
97	2224
97	2280
97	2322
97	1043
97	2548
97	447
97	2521
97	2489
97	1754
97	2047
97	284
97	2239
98	2594
98	2215
98	106
98	2188
98	1073
98	2610
98	2165
98	2646
98	2231
98	1848
98	1369
98	1114
99	2316
99	2421
100	101
100	2023
100	2248
100	2412
100	1368
100	1497
100	2266
100	285
101	2625
101	225
101	2248
101	268
101	2344
101	2259
101	2164
101	410
101	2335
101	285
101	2238
101	2687
102	363
102	2340
102	389
102	395
102	531
102	1586
102	115
102	381
102	2335
103	946
103	934
105	516
105	1957
105	422
105	298
105	1885
105	2385
105	1492
105	570
105	381
105	2335
106	2570
106	790
106	2231
106	538
106	1275
106	2335
107	1040
107	353
107	736
107	767
108	2652
108	2549
109	2674
109	1942
109	1943
110	2060
110	1962
110	2195
110	751
111	1105
111	2022
111	385
112	577
112	902
112	113
112	728
114	115
115	2340
115	265
115	531
115	282
115	2230
115	2081
115	2085
115	389
115	2348
115	2335
115	186
115	2086
115	190
115	447
115	197
115	326
115	458
115	851
115	2260
115	601
115	1061
115	2529
115	358
115	2023
115	363
115	366
115	2287
115	496
115	2067
115	373
115	1275
115	381
115	277
116	117
117	544
117	2689
117	358
117	1073
117	489
117	2030
117	2031
117	2032
117	2033
117	1457
117	721
117	2526
118	2049
118	2458
118	1895
118	1303
119	482
119	500
119	1293
120	485
120	1970
120	2035
120	405
120	504
120	1980
121	1418
121	1870
121	1172
121	1173
121	1175
121	2488
121	522
122	1408
122	1508
122	706
122	652
122	1572
123	301
123	1502
124	487
124	488
124	1004
124	492
124	909
124	910
124	1169
125	196
125	422
125	424
125	554
125	1547
125	464
125	488
125	2034
125	2035
125	693
125	222
125	695
125	537
125	223
125	221
125	126
125	127
126	424
126	127
126	537
126	223
126	221
126	222
126	991
127	385
127	196
127	422
127	424
127	501
127	1004
127	221
127	464
127	2034
127	2035
127	537
127	222
127	223
128	1599
128	906
128	2035
128	487
130	1538
130	163
130	1542
130	391
130	2189
130	212
130	390
131	416
131	1678
132	464
132	1642
132	1558
133	1881
133	1882
133	899
133	2302
134	135
134	1320
134	595
134	1556
134	247
135	2128
135	201
135	554
135	1547
135	524
135	143
135	144
135	338
135	595
135	1556
135	1653
135	599
135	1657
135	1546
135	1534
136	580
136	1030
136	1007
136	1109
136	1208
136	2116
137	1490
137	480
137	482
137	483
137	549
138	2179
138	2310
138	2122
138	2013
138	2513
138	1443
138	1686
138	1779
138	1272
138	2522
138	2717
139	192
139	847
139	267
139	1023
139	423
139	2345
139	193
139	2535
139	365
139	2221
139	2571
139	1555
139	2645
139	2576
139	674
139	1849
139	2703
139	2491
139	309
141	1472
141	1155
141	430
141	431
141	1617
141	1714
141	2617
142	419
143	353
143	1319
143	1320
143	201
143	1546
143	144
143	222
143	1556
143	1653
143	1657
143	538
143	923
143	200
143	1534
144	200
144	201
144	2347
144	338
144	1556
144	1368
145	2020
145	2321
145	210
145	402
145	465
145	146
145	147
145	340
146	2020
146	2321
146	2158
146	402
146	147
146	1866
147	898
147	2020
147	465
147	210
147	402
147	340
147	2525
148	653
148	598
148	149
149	653
149	598
150	2097
150	484
150	582
153	564
154	244
154	156
154	925
154	198
154	463
155	256
155	868
155	1958
155	588
155	205
155	782
155	2033
155	1554
155	187
155	156
155	1789
155	1541
156	1153
156	588
157	2628
157	2565
158	568
158	2658
158	781
159	1883
159	535
160	593
160	1293
161	163
163	166
163	167
163	1483
163	1420
163	1538
163	212
164	1601
164	967
164	2155
164	238
164	2223
164	1714
164	277
164	598
164	1717
165	865
165	1468
165	1591
166	1483
166	212
166	167
167	1377
168	928
168	257
168	1124
168	1063
168	1196
168	1039
169	619
169	1883
169	228
170	1950
171	1568
171	577
171	898
171	1475
171	1477
171	172
171	334
171	1597
171	1585
171	466
171	1294
171	1495
171	411
171	2301
172	2369
172	1635
172	869
172	1294
172	591
172	1585
172	466
172	1475
172	755
172	343
172	411
172	2236
172	1597
172	2687
173	2496
173	2275
173	1357
173	174
173	269
173	2389
173	2295
173	175
174	2496
174	193
174	1602
174	175
174	2544
174	1489
174	514
174	2291
174	2196
174	2197
174	854
174	2295
174	506
174	1979
175	2496
175	193
175	514
175	2295
175	2544
175	564
175	471
175	1979
175	2335
176	177
177	1028
178	1888
178	293
178	815
178	1299
178	1430
178	1625
178	997
178	1343
179	1890
179	1462
180	833
180	181
181	833
182	1572
182	1530
182	1508
182	894
183	282
186	2260
186	190
187	1954
187	1958
187	519
187	1169
189	2053
189	190
190	2053
190	1061
190	518
190	197
190	326
190	420
190	211
190	1492
190	601
190	358
190	2023
190	366
190	496
190	372
190	373
190	502
190	2260
190	1275
190	277
191	568
191	569
191	1682
191	567
192	193
192	1898
192	2576
192	2291
192	2292
192	2645
192	1884
193	576
193	514
193	267
193	2021
193	2291
193	2576
193	2221
193	1488
193	1489
193	2645
193	1264
193	1495
193	2619
193	2703
194	2657
194	731
194	937
194	237
194	238
194	336
194	660
194	1721
194	2260
194	507
195	1154
195	196
195	2062
196	1153
196	1154
196	197
196	422
196	2333
196	2515
196	282
196	2034
196	2035
196	212
196	438
196	250
197	1153
197	1154
197	2062
197	282
197	326
197	2515
197	212
197	601
197	1374
197	1061
197	358
197	2023
197	366
197	496
197	373
197	1275
197	252
197	277
198	579
198	549
198	267
198	1488
198	244
199	505
199	930
199	463
199	461
199	255
200	201
200	2347
200	524
200	2129
200	1556
200	2293
200	1657
200	538
201	2128
201	338
201	595
201	599
201	1368
204	280
204	259
204	260
204	2517
205	1153
205	1154
205	1955
205	1542
205	390
205	256
205	366
205	1554
205	1950
206	577
206	411
207	1665
207	1817
207	1818
207	2075
207	540
207	541
207	1819
207	293
207	2076
207	1454
207	1461
207	1595
207	1596
207	208
207	209
207	2011
207	1521
207	1267
207	1705
207	2297
207	380
208	1521
208	209
208	1817
208	1819
208	1596
209	1595
209	1521
209	2075
209	2297
209	1819
210	1248
210	2020
210	239
210	240
210	402
211	1985
211	420
211	215
211	743
211	2218
211	747
211	2351
211	1240
211	1203
211	212
211	213
211	2390
211	887
211	2296
211	2457
211	2140
212	1153
212	1420
212	1578
212	597
212	1538
212	578
212	1493
212	2333
212	213
213	1985
213	283
213	389
213	295
213	2307
213	2313
213	743
213	2351
213	2074
213	2390
213	887
213	2296
213	1946
213	1203
213	297
213	2303
214	2340
214	1292
214	216
214	2515
214	2229
214	215
214	2296
214	217
214	284
214	2557
214	446
214	447
215	1985
215	2390
215	1511
215	299
215	2351
215	216
215	2296
215	217
216	610
216	1061
216	1911
216	2257
216	1497
216	217
216	445
216	446
216	639
217	282
217	1292
217	2074
217	2075
217	284
217	285
217	2340
217	299
217	947
217	2229
217	438
217	443
217	445
217	446
217	447
217	326
217	328
217	2515
217	2661
217	1511
217	1911
217	2296
217	1145
217	959
217	2557
217	2047
218	291
218	295
218	297
218	298
218	1031
218	589
218	560
218	1353
218	1466
218	219
218	2588
219	291
219	295
219	2280
219	297
219	298
219	1549
219	1199
219	560
219	1278
219	1859
219	791
219	2392
219	1353
219	2346
219	589
219	1466
220	423
220	712
220	297
220	509
220	560
220	2102
220	1849
220	282
220	733
221	693
221	695
221	222
221	223
222	353
222	554
222	1547
222	223
223	1350
223	695
224	1542
225	546
225	226
225	2311
225	1513
225	2314
225	2089
225	2191
225	1680
225	531
225	2229
225	247
225	883
225	2334
225	2687
227	523
227	228
227	229
227	821
227	619
228	229
229	1512
229	1532
229	1531
230	1546
230	1580
230	1493
230	2329
231	876
231	2189
232	898
234	1632
234	2598
234	649
234	2065
234	2386
234	471
237	2114
237	238
237	877
238	1601
238	877
239	2497
239	2055
239	2205
239	240
239	1873
239	249
239	2683
239	2237
239	414
240	2055
240	341
240	249
240	2205
240	1278
241	2401
241	775
241	776
241	2378
241	242
241	1946
241	1022
242	256
244	267
244	579
244	549
245	1508
245	267
245	246
245	1572
246	267
246	1508
247	352
247	267
247	577
247	2185
247	587
247	878
247	1264
247	531
247	595
247	1652
247	758
247	857
247	2619
247	1500
247	2109
248	361
248	341
248	342
249	2287
249	518
249	2055
249	1965
249	2255
249	1457
249	405
249	2396
250	422
251	2332
252	2368
252	2083
252	2015
252	2221
252	2352
252	370
252	467
252	2335
252	1374
252	2053
253	566
255	1706
255	492
255	498
256	2628
256	1541
256	522
256	1554
257	928
257	258
257	1124
257	1063
257	1196
257	1039
258	834
258	777
258	1132
258	757
258	343
259	896
259	770
259	260
259	2340
260	1852
260	2228
260	1564
261	366
261	561
261	339
261	760
261	1562
262	1249
262	1861
262	2017
262	2236
262	2023
262	370
262	1491
262	468
262	854
262	2300
262	1791
263	1500
263	411
264	2064
264	564
265	2234
266	267
266	1619
266	659
266	1900
266	415
267	385
267	577
267	300
267	450
267	2703
267	2706
267	1949
267	1499
267	1572
267	2221
267	2233
267	2619
267	2109
267	576
267	578
267	1483
267	464
267	1489
267	597
267	1495
267	857
267	1488
267	1508
267	493
267	1264
267	787
267	2645
268	2625
268	904
268	1884
268	2369
268	360
268	2259
268	577
268	410
268	412
268	1886
268	2687
269	2309
269	1954
269	1961
269	2353
269	1464
269	2368
269	2372
269	2246
269	1357
269	468
269	2389
269	854
269	2017
269	2275
269	2023
269	2287
269	370
269	724
269	1492
269	382
270	960
270	962
270	272
270	276
270	629
270	1078
270	532
270	767
271	960
271	1696
271	272
271	1561
272	960
272	962
272	532
272	970
272	276
272	629
272	1078
272	1561
272	1209
272	559
272	669
272	926
272	767
273	1027
273	1123
273	1292
273	323
273	984
273	1279
275	450
275	324
275	365
275	414
276	960
276	1232
276	962
276	1078
276	532
276	629
276	1622
276	1018
276	1662
276	767
277	1425
277	1430
277	922
277	601
277	1061
277	1062
277	1714
277	1455
277	326
277	458
277	598
277	987
277	358
277	2023
277	618
277	2155
277	877
277	366
277	496
277	1009
277	373
277	1015
277	1275
280	896
280	611
280	2052
280	812
280	2604
280	716
280	561
280	835
280	2517
280	1240
280	761
280	1244
281	2449
282	577
282	390
282	391
282	1548
282	1542
282	438
282	1541
283	1569
283	1525
283	343
283	894
284	1956
284	1846
284	2340
284	1767
284	2312
284	1130
284	1501
284	2229
284	1849
284	1754
284	380
284	285
284	286
285	385
285	2068
285	794
285	286
285	2335
285	1968
285	2089
285	2224
285	2229
285	2102
285	2615
285	313
285	2625
285	2248
285	2249
285	2231
285	2253
285	2257
285	2263
285	1368
285	1497
285	2275
285	2282
285	365
285	1789
285	2047
286	2625
286	1891
286	324
286	326
286	327
286	1928
286	2249
286	2282
286	365
286	1454
286	2254
286	2257
286	2066
286	2260
286	2229
286	2436
286	2335
286	2344
286	2047
287	288
287	289
287	414
288	289
288	809
288	1932
288	1393
288	822
288	567
288	1370
288	635
289	291
289	1370
289	2203
290	1156
291	1416
291	784
291	785
291	794
291	589
291	2346
291	560
291	2492
291	2496
291	1859
291	1353
291	1867
291	2253
291	1615
291	2392
291	1552
291	755
292	1665
292	1860
292	293
292	1031
292	1736
292	1450
292	1427
292	1362
292	1517
292	1266
292	1267
292	948
292	1302
292	1306
292	474
292	1438
293	1665
293	1795
293	774
293	641
293	1290
293	654
293	1298
293	1299
293	1302
293	666
293	2587
293	2076
293	1181
293	1438
293	672
293	1868
293	1705
293	1324
293	948
293	2357
293	1334
293	568
293	692
293	1619
293	650
293	1461
293	1345
293	1332
293	1736
293	1737
293	1738
293	1740
293	416
293	1721
293	474
293	1385
293	1264
293	1266
293	1267
293	2166
293	1272
293	763
293	1407
294	840
294	826
294	596
294	1781
294	831
295	1031
295	1549
295	782
295	785
295	1173
295	794
295	1498
295	2335
295	1575
295	1576
295	297
295	2346
295	1287
295	1454
295	1203
295	1973
295	2492
295	2229
295	1353
295	1868
295	1486
295	1517
295	1263
295	1906
295	1577
295	2042
295	380
295	1278
297	1031
297	1932
297	1549
297	782
297	1709
297	2192
297	785
297	791
297	794
297	1498
297	1574
297	2346
297	1287
297	1203
297	2229
297	822
297	841
297	2492
297	1973
297	2102
297	1353
297	1868
297	1486
297	1639
297	2024
297	1575
297	1263
297	380
297	1278
298	515
298	516
298	328
298	2385
298	379
298	570
299	2661
299	1511
299	338
299	2515
299	2296
299	2074
299	2557
300	577
300	419
300	598
300	2376
300	364
300	461
300	464
300	342
300	857
300	505
302	592
302	520
302	2690
302	366
303	944
303	913
304	305
304	753
305	585
305	1394
305	1724
305	886
306	761
306	1031
306	1005
306	1726
306	2055
307	308
307	467
308	1514
308	2596
308	2602
309	2517
309	1584
309	674
309	2571
309	1894
309	513
309	1852
309	2442
309	876
309	2355
309	883
309	2495
309	2491
309	1564
309	2570
309	1023
310	1690
310	1691
310	1638
310	311
311	832
311	1638
311	1654
311	1691
311	317
312	1632
312	451
312	1668
312	1669
312	534
312	1111
312	1181
313	385
313	649
313	1559
313	2357
313	1517
313	913
313	2194
313	917
313	1174
313	2071
313	1616
313	796
313	414
313	2335
313	801
313	802
313	675
313	454
313	1574
313	540
313	2218
313	685
313	1454
313	1968
313	1587
313	2229
313	2102
313	2238
313	1973
313	1734
313	455
313	437
313	332
313	1613
313	2256
313	724
313	1621
313	2647
313	1241
313	1175
313	1430
313	1249
313	994
313	742
313	2666
313	1643
313	493
313	1647
313	756
313	764
317	436
317	1654
319	505
320	323
320	329
320	437
320	560
320	978
320	917
320	1422
320	383
321	928
321	386
321	1187
321	1156
321	1041
321	1129
321	938
321	945
321	478
321	918
321	1687
321	580
321	987
321	1098
321	990
322	362
323	1824
323	2562
323	1061
323	329
323	332
323	560
323	562
323	563
323	1292
323	953
323	2611
323	389
324	2436
324	2344
324	2260
324	2455
325	1796
325	596
326	891
326	2574
326	527
326	2322
326	601
326	1061
326	2344
326	947
326	2112
326	327
326	389
326	2640
326	2260
326	2646
326	2015
326	2275
326	2532
326	358
326	2023
326	366
326	495
326	496
326	373
326	1275
326	382
327	2275
327	2436
327	389
327	382
327	2574
327	947
327	2646
328	1155
328	1769
328	515
328	1145
328	1046
328	1918
329	1126
329	437
329	434
329	1422
329	815
329	560
329	978
329	917
329	443
329	383
330	1666
331	2049
331	1155
331	1700
331	1238
331	1462
331	1162
331	430
331	2147
331	1780
331	1046
331	1335
331	440
331	394
332	389
332	1770
332	913
333	1376
333	1379
333	2439
333	1256
333	1255
333	1772
333	1192
333	1448
333	1272
334	1597
335	336
335	1862
336	507
336	933
336	1098
336	937
336	938
336	492
336	461
336	1071
336	450
336	1169
336	948
336	1237
336	473
336	1148
336	1085
337	931
337	461
337	1139
337	419
337	920
337	473
337	699
338	1648
338	1667
338	2661
338	1368
338	2515
338	437
338	920
338	347
338	2620
338	351
339	523
339	1508
339	561
339	359
339	2040
339	1949
340	1480
341	930
341	359
341	650
341	725
341	342
341	1565
341	1278
342	419
342	2376
342	364
342	461
342	464
342	598
342	857
342	505
343	866
343	757
344	1712
344	345
344	346
344	1948
344	1730
345	1712
345	346
346	1953
347	2243
347	1648
347	1649
347	1657
347	351
347	2111
348	1648
348	1649
348	2111
348	1657
349	1506
349	907
349	773
350	1504
350	1248
350	868
350	1733
350	492
350	460
350	461
350	600
350	894
351	352
351	354
351	1350
351	353
351	1320
351	2111
351	1098
351	939
351	374
351	587
351	506
351	1930
351	1653
352	353
352	354
352	587
352	619
352	821
353	961
353	354
353	2293
353	1350
353	1319
353	1064
353	1069
353	595
353	1653
353	2039
353	537
353	538
353	1320
354	473
354	933
354	1068
354	915
354	374
354	1079
354	921
355	370
355	2570
357	1457
357	358
358	2689
358	496
358	1061
358	422
358	1457
358	373
358	366
358	544
358	2083
358	601
358	2526
358	1073
358	2023
358	2236
358	2030
358	2031
358	2032
358	2033
358	1275
359	1572
360	577
360	2018
360	1541
360	2028
360	1002
360	1680
360	691
360	759
360	408
360	411
361	839
362	2336
362	1249
362	1475
362	489
362	653
362	461
362	598
362	1500
362	2109
363	2348
364	1026
364	419
364	1381
364	2376
364	2025
364	2026
364	2570
364	898
364	857
364	783
364	464
364	598
364	505
364	1689
364	461
365	2345
366	520
366	652
366	2690
366	406
366	1562
366	1061
366	592
366	601
366	390
366	2023
366	1542
366	496
366	373
366	1275
367	368
367	385
368	385
368	550
368	1895
368	2189
368	2480
369	1957
370	2570
370	2204
370	2083
370	1457
370	2058
370	2246
370	2273
370	467
370	468
370	854
370	2016
370	2017
370	486
370	2023
370	2300
370	2669
370	2545
370	884
370	1791
372	418
372	420
372	698
372	796
373	904
373	1061
373	2242
373	601
373	2023
373	496
373	1275
373	508
374	721
374	2273
375	2241
376	1069
377	496
377	1004
377	1583
377	1584
377	1528
377	1562
377	2299
378	1926
378	2409
378	1174
378	2203
379	570
379	1938
380	513
380	389
380	2449
380	2066
380	1941
380	1559
380	2075
380	541
380	2335
380	1954
380	2340
380	1325
380	1454
380	564
380	2229
380	1849
380	1595
380	1981
380	1973
380	849
380	723
380	1501
380	1891
380	2277
380	1894
380	1265
380	2295
381	2340
381	518
381	531
381	1491
381	1492
381	2335
381	1885
381	389
382	2353
382	389
382	2023
382	2574
382	1464
382	947
382	2015
383	1126
383	815
383	434
383	443
384	2400
384	385
384	1958
384	1894
384	2248
384	2350
384	2068
384	2293
384	1846
385	1539
385	519
385	1545
385	531
385	2335
385	496
385	1954
385	2340
385	1960
385	2350
385	1968
385	2229
385	2102
385	2109
385	2443
385	2287
385	2010
385	1492
385	2233
385	2266
385	1499
385	1893
385	2279
385	1004
385	493
385	494
385	2164
385	2039
385	2042
386	928
386	992
386	1156
386	616
386	617
386	938
386	1095
386	1454
386	529
386	1129
386	918
386	1687
386	984
386	612
386	1098
386	478
387	388
387	429
387	863
388	1160
388	1155
388	429
388	430
389	2434
389	1543
389	2320
389	2449
389	531
389	1941
389	920
389	580
389	2074
389	1309
389	2335
389	1956
389	2348
389	2351
389	947
389	564
389	2116
389	2640
389	849
389	851
389	2340
389	479
389	1680
389	2385
389	1523
389	1904
389	1524
389	2165
389	2295
390	1542
390	391
390	1876
391	1542
391	659
392	1900
393	1664
393	1099
393	1100
393	563
393	1620
393	630
393	1692
394	1089
394	1193
394	2611
394	1238
394	440
394	1214
394	1247
396	2405
397	978
398	572
398	573
398	399
399	572
399	573
400	1756
400	2719
400	2100
400	1743
401	995
401	1286
401	1831
401	1453
401	948
401	823
402	908
402	1665
402	1026
402	2020
402	1318
402	1798
402	1737
402	1099
402	1740
402	1997
402	1302
402	1324
402	952
402	1290
402	859
402	1866
405	1457
405	714
405	938
405	487
405	624
405	1970
405	2035
405	1309
405	505
405	504
405	1231
405	1980
405	490
405	542
406	652
406	683
406	2572
406	685
406	1865
408	2114
409	938
409	2372
410	2625
410	1958
410	2248
410	2089
410	2090
410	2130
410	2687
411	577
411	1762
411	1475
411	466
411	412
411	1886
412	1884
412	811
412	1886
413	1315
413	2491
414	450
414	660
414	917
414	1174
414	2071
414	2712
414	1178
414	1179
414	2588
414	675
414	1564
414	560
414	1969
414	437
414	567
414	443
414	1852
414	1213
414	2494
414	2357
414	454
414	455
414	1873
414	2135
414	1241
414	1254
414	871
414	1342
414	756
414	2238
414	759
414	2683
415	2337
415	659
416	1665
416	1384
416	2108
416	1675
416	2076
417	1554
418	420
418	698
419	598
419	857
419	2376
419	461
419	464
419	535
419	505
419	698
419	699
420	1121
420	2190
420	847
420	689
421	2001
421	462
422	1639
422	1008
422	2034
422	2035
423	2535
423	2358
423	567
423	1849
423	1754
424	488
424	946
424	2014
424	954
425	2356
425	2557
425	806
426	1330
426	1603
426	1442
426	2614
427	1704
427	1691
427	2333
427	2174
427	583
428	1116
428	1988
428	750
428	1129
429	430
430	2049
430	1155
430	688
430	435
430	431
431	2049
431	1155
431	559
431	688
431	1462
432	1400
433	2243
433	1895
433	2119
433	515
433	1918
433	2103
433	2104
433	2174
434	1126
434	871
434	435
434	436
434	1626
434	443
434	2557
435	436
436	2272
436	2160
436	1462
437	1422
437	917
437	1174
437	2351
437	1450
437	1967
437	2358
437	443
437	1852
437	1213
437	1342
437	1859
437	454
437	455
437	716
437	1891
437	2661
437	1126
437	871
437	978
439	944
439	726
440	2147
440	1700
440	1238
440	1193
440	1780
440	1462
440	1214
441	1383
442	443
442	2388
442	1755
442	444
442	1341
442	703
443	1126
443	871
443	976
443	917
443	444
443	2557
444	515
444	730
444	976
444	1341
444	1470
444	703
445	639
446	639
447	1043
447	2529
447	2489
447	1514
447	2548
447	2322
447	2260
447	2234
447	2047
448	1264
448	449
448	450
449	803
449	1924
449	1061
449	556
449	557
450	556
450	1264
450	557
450	948
450	2619
451	1632
451	786
451	534
451	1673
452	1115
452	1035
452	453
453	1115
453	1035
454	1891
454	2358
454	455
454	1832
454	2666
454	716
454	2637
454	2351
454	1174
454	2661
455	515
455	1174
455	1287
455	1430
455	1832
455	2351
455	2357
455	2358
455	1973
455	841
455	716
455	2637
455	1891
455	2661
455	2666
455	756
455	511
457	2035
457	491
458	1062
458	1009
458	2155
458	877
458	1455
458	1425
458	1430
458	689
458	922
458	987
459	1952
459	1288
459	1098
459	460
459	461
459	1231
459	1909
459	503
459	505
459	1525
460	1952
460	1733
460	492
460	461
460	1231
460	503
460	505
461	598
461	1288
461	492
461	653
461	1042
461	1952
461	699
461	833
461	1475
461	1733
461	2376
461	1231
461	547
461	857
461	463
461	1249
461	489
461	464
461	502
461	503
461	505
462	1062
462	1617
462	1905
462	922
462	1467
463	930
463	491
463	1733
463	487
463	492
463	1231
463	497
463	1042
463	547
463	505
463	1371
463	1189
464	598
464	2376
464	505
464	2035
464	857
464	479
464	1939
466	1635
466	804
466	679
466	1475
466	652
466	2572
466	1294
466	591
466	755
466	1597
467	2368
467	544
467	2083
467	486
467	2273
467	2204
467	2058
467	2023
467	468
467	2221
467	2669
467	1457
467	2260
467	854
467	2015
468	2246
468	2017
468	2341
468	486
468	2023
468	2300
468	854
468	2204
468	866
468	1791
469	1600
469	2660
469	1483
469	1517
469	470
469	634
469	1278
470	1600
470	1483
470	2660
471	2598
471	2481
471	649
471	2065
471	2199
471	1564
472	473
472	725
472	870
473	1090
473	931
473	933
473	1128
473	938
473	530
473	1139
473	920
473	921
473	1029
474	1665
474	1571
474	1734
474	1601
474	2024
474	2635
474	652
474	2162
474	1395
474	591
474	796
474	869
475	477
476	961
476	482
476	483
476	1093
476	552
476	983
476	532
476	975
476	709
476	980
476	918
476	951
476	1291
476	1044
476	1211
476	926
476	1125
477	1277
477	679
478	928
478	1156
478	998
478	1153
478	712
478	1129
478	938
478	711
478	718
478	719
478	1748
478	918
478	1687
478	1098
478	479
479	481
479	483
479	765
479	1139
479	1332
479	951
479	1309
479	1726
479	1189
480	1490
480	549
481	1539
481	1332
481	1646
482	483
482	708
482	709
482	490
482	556
482	500
482	1076
482	1049
482	714
482	1246
483	1068
483	532
483	926
486	2273
486	2246
486	2545
486	2058
486	2669
486	884
486	2341
487	744
487	547
487	1189
487	492
487	909
487	488
487	1042
487	2035
487	504
487	1231
488	909
488	910
488	503
488	505
489	1153
489	1475
489	893
489	1249
489	653
489	598
489	1560
489	1501
489	1231
489	1645
490	714
491	1733
491	938
491	492
491	1231
491	497
491	2035
491	505
491	1371
491	1183
492	898
492	1169
492	1042
492	547
492	1189
492	1585
492	1085
492	1733
492	1231
492	1371
492	624
492	497
492	498
492	505
493	724
493	2287
493	494
493	1071
493	2256
493	531
493	495
493	496
493	1430
493	2233
493	1499
493	2109
493	1249
494	1893
494	743
494	2029
494	2287
494	1071
494	496
494	531
494	2164
494	495
494	2266
495	1185
495	936
495	1071
495	496
495	531
495	2164
495	726
495	527
496	1539
496	2287
496	1061
496	936
496	1071
496	1584
496	1583
496	851
496	601
496	2266
496	1893
496	2023
496	743
496	2029
496	2164
496	1275
497	1733
497	1231
497	505
497	1371
497	1309
498	1949
500	1231
500	1148
500	1293
501	1529
502	547
502	1231
502	881
502	1557
502	505
503	1952
503	505
504	938
504	1970
505	598
505	1952
505	542
505	1733
505	2376
505	1231
505	547
505	857
505	1371
505	865
505	624
506	1602
506	854
506	1799
506	1420
506	1489
506	2291
506	2196
506	2197
506	822
507	2657
507	2379
507	2260
508	1792
508	2282
509	560
510	1338
511	1748
511	1430
512	945
512	514
513	2340
513	2023
513	2412
513	1325
513	2066
513	2229
513	1559
514	2304
514	1978
515	841
515	1287
515	2317
515	2063
515	1973
515	729
515	730
515	2238
516	1366
516	2385
517	520
517	2057
517	518
517	519
518	519
518	520
518	2185
518	523
518	524
518	2061
518	2086
518	1962
518	1965
518	2352
518	1491
518	1492
518	1883
518	2282
518	2287
518	883
518	758
519	546
519	2277
519	520
519	2057
519	523
519	2335
519	2521
519	2042
519	1514
520	2690
520	592
522	1175
523	524
523	2159
523	1731
523	599
524	1556
524	599
524	1657
525	944
525	643
525	1484
526	1913
528	1684
528	948
528	1085
528	1663
529	992
529	705
529	580
529	1207
529	942
529	612
529	1111
529	984
529	1113
529	986
530	709
530	1927
530	1128
530	1101
530	921
530	988
530	1021
531	2287
531	1960
531	2029
531	2335
531	936
531	1492
531	2340
531	1094
532	960
532	962
532	1078
532	975
532	629
532	918
532	767
534	1632
534	1026
534	803
534	1015
535	2376
536	1106
536	1215
537	1546
537	1653
537	695
537	1176
537	538
538	2129
538	1319
538	1132
538	1104
538	1320
538	595
538	1653
538	2039
538	954
538	2293
539	738
539	2331
539	1063
539	974
539	1039
539	1076
539	1211
540	1570
540	2630
540	2076
540	2194
540	1461
540	1241
540	634
540	1596
540	541
540	2270
541	1595
541	1420
541	1454
541	1521
541	2075
541	2334
542	624
542	1231
542	1865
543	1722
543	1559
544	977
544	2204
545	548
545	934
545	936
545	1033
545	970
545	720
545	919
545	984
545	1226
545	1147
545	1034
546	1955
546	1514
546	2277
546	550
546	1073
546	2039
546	2191
546	2068
546	1173
546	1789
546	1175
546	2042
546	2014
546	2335
547	2034
547	2323
547	1465
547	1231
548	1147
548	551
550	1895
550	2189
550	2174
550	2039
550	2014
551	1186
551	1710
552	736
552	961
552	918
552	1064
552	975
552	1044
552	1686
552	951
552	1211
552	1125
552	1093
554	1546
554	1547
554	2128
554	595
554	1556
555	1127
556	901
556	1574
556	1607
556	1286
556	557
556	1805
556	1808
556	948
557	901
557	1574
557	1805
557	1808
557	948
557	1181
559	960
560	1024
560	1287
560	1347
560	660
560	1178
560	1179
560	2588
560	1190
560	822
560	2256
560	1618
560	2259
560	1241
560	2402
560	2173
561	896
561	2052
561	1240
561	2517
562	2439
562	2674
562	563
562	1942
562	1943
562	953
562	1692
562	2003
563	1664
563	1099
563	2674
563	1379
563	1163
563	1620
563	1692
564	1600
564	1954
564	2340
564	1542
564	1559
564	2295
564	1454
564	2335
564	2418
564	1941
564	1849
567	815
567	715
567	836
567	569
567	1767
567	809
567	2026
567	759
567	2237
567	1298
567	2025
567	2166
567	2135
567	568
567	793
567	1359
568	1975
568	1230
568	1475
568	756
568	1582
568	1174
568	1497
568	569
569	1975
569	1174
570	2310
570	1201
570	1173
570	1431
570	2684
570	1437
571	1108
571	1758
571	1223
572	2327
572	573
574	1312
574	1222
576	2221
576	1264
576	1489
576	1495
576	2619
577	1541
577	902
577	1475
578	597
578	952
578	2109
580	1157
580	2116
580	1030
580	614
580	1097
580	1007
580	1136
580	977
580	691
580	983
580	824
580	987
580	1053
581	2162
582	1843
582	1035
582	2097
583	584
583	1691
583	1647
585	886
586	724
587	939
587	684
587	1690
588	1894
588	2057
588	2032
588	2262
589	755
591	1635
591	869
591	1475
591	755
592	2690
593	1293
594	880
594	940
595	1320
595	1319
595	2128
595	1556
595	1546
596	840
596	826
597	1483
597	1587
597	2109
598	619
598	653
598	2327
598	796
598	1714
598	1475
598	2376
598	725
598	857
598	1249
598	2155
599	756
600	1580
600	1647
600	721
600	1500
600	765
601	1061
601	2099
601	2023
601	1275
602	2102
603	1080
603	985
603	988
603	1151
605	1482
606	2327
607	927
607	1053
607	1446
608	2200
608	609
608	643
608	2550
609	643
609	1991
609	2550
609	2428
609	2207
610	1798
610	1982
611	1244
612	984
612	992
614	1280
614	1217
614	1093
614	615
614	1098
614	942
614	824
614	946
614	951
614	1144
614	1113
614	1053
614	1086
614	1023
615	1098
615	1037
615	1103
615	2705
615	946
615	984
615	2427
616	617
616	916
617	916
619	653
619	821
619	1883
619	796
620	1228
621	1165
621	1127
622	955
622	1134
623	1096
623	1101
623	1037
623	1108
623	983
623	1848
623	1178
623	1083
624	1189
624	938
624	939
624	1231
624	879
626	1040
626	961
626	802
626	801
627	628
629	960
629	962
629	1078
629	767
630	1675
630	1005
630	1671
631	839
631	1385
631	1258
631	761
631	1484
631	948
631	855
631	756
631	1181
632	2056
632	1812
632	662
632	1215
633	1729
635	1075
635	702
636	803
636	1252
636	830
637	1555
637	1091
637	2332
637	1014
637	2583
639	1488
640	1387
640	1939
642	1665
642	1740
642	1290
642	1356
642	756
642	2298
642	2203
643	1639
643	743
643	1392
643	2642
643	948
643	2550
643	670
644	824
644	2499
644	716
644	2198
644	1822
646	1665
646	1058
646	1571
646	661
647	1858
647	2147
647	1735
647	2317
647	1041
647	1045
647	1046
647	1659
647	1183
649	2598
649	2199
649	2065
650	1409
650	930
650	679
650	2152
650	2123
650	652
650	1261
650	869
650	1565
650	725
651	1435
651	1421
651	863
652	1506
652	1571
652	679
653	1249
653	1475
653	796
653	725
654	1641
654	2058
654	1514
654	2381
655	2136
656	746
657	1026
657	868
658	2256
658	948
658	1621
660	997
660	1133
660	1721
660	766
661	1714
661	706
662	2056
664	1875
665	1855
665	830
665	735
666	715
666	1644
666	1261
666	1299
666	692
666	1110
666	2327
667	674
667	779
668	2137
668	1683
668	908
668	1334
669	1696
669	1594
670	865
670	1123
670	908
670	948
670	1559
670	1812
670	1215
671	1738
671	1739
671	844
671	1306
671	1438
672	1024
672	1480
672	780
672	1552
672	789
672	761
674	2571
674	1555
674	2355
674	1023
675	994
675	742
675	1643
675	724
675	2238
675	1174
675	1175
675	1241
676	1450
678	1384
678	1385
678	917
678	1814
680	2152
680	1915
680	1356
680	1613
681	2580
681	717
683	1568
683	685
684	1233
684	1690
684	1434
685	1568
685	801
685	802
685	1174
685	1517
686	687
688	1155
688	765
689	1594
690	709
691	1136
691	1002
691	1138
692	2559
693	695
693	694
694	695
695	1176
696	1479
697	1993
697	1994
697	939
697	1278
697	2425
699	1184
699	2562
699	1099
699	1125
699	1218
699	1067
699	1100
699	2259
699	1112
700	701
701	905
701	962
702	1075
702	1644
703	2203
703	1990
703	2155
703	2388
703	1755
703	1341
704	705
704	962
705	962
705	1224
705	1762
705	1015
706	826
707	1048
707	2505
707	1411
707	799
708	1112
708	1138
708	1086
709	1137
709	1096
709	988
709	1067
709	1101
709	1777
709	1138
709	980
709	983
709	1128
709	956
709	1246
711	712
711	718
711	719
711	1618
711	1748
711	891
712	1093
712	1500
712	878
713	1385
713	1327
713	1252
713	1444
713	807
714	1076
715	1384
715	1644
715	2166
715	793
716	1891
716	2052
716	2358
716	2517
716	2351
716	824
716	835
716	1174
716	2199
716	1822
716	2661
718	719
719	744
719	948
720	992
720	1027
720	1125
720	934
720	936
720	1033
720	970
720	972
720	918
720	919
720	1034
721	2273
721	883
721	1339
722	2402
722	1190
722	1585
722	1525
722	898
722	750
722	783
722	1587
722	1851
722	1809
722	1087
723	2340
723	2277
723	1227
723	1456
723	2229
723	1849
724	2287
724	1492
724	1174
724	1647
725	796
726	2500
726	727
726	944
726	914
726	949
726	1214
726	1087
727	949
728	1962
729	2158
729	2063
729	2321
729	730
730	2063
730	849
730	731
730	2238
730	895
732	2185
732	2118
733	1606
733	745
733	2365
734	1582
735	867
735	739
735	2709
735	2382
736	961
736	870
738	2331
739	2382
741	1032
741	769
742	994
742	2437
742	1486
742	1685
742	1174
742	1175
743	1203
743	2313
743	1629
743	1619
743	887
743	2266
743	2351
743	1946
744	1332
744	948
746	1901
747	1370
747	2218
747	2631
749	2527
750	1988
750	2320
750	1116
751	2195
754	2325
755	1635
755	2156
755	757
756	2115
756	1188
756	1174
756	2247
756	1356
756	1421
756	1332
756	967
756	1496
756	1275
756	1308
757	777
757	834
758	2336
758	2352
758	2086
758	2185
758	2282
758	883
758	2109
759	866
759	1990
759	2135
761	2055
761	2604
761	789
762	1129
762	996
763	1665
763	1795
763	844
763	1403
763	1407
764	1616
764	994
764	2666
764	2647
765	930
765	865
765	2689
765	2031
765	2032
765	2033
765	1107
765	2191
765	2526
766	774
766	1683
767	960
767	962
767	970
767	1078
768	798
768	1631
769	1129
769	2589
770	1000
770	896
771	1854
775	1863
775	776
775	1174
775	792
775	827
776	1863
776	1395
776	1588
776	1174
776	792
776	827
776	863
777	832
777	834
777	1179
777	1181
778	1307
778	2451
778	995
779	864
779	798
780	784
780	1574
780	1831
780	1480
780	1517
780	1871
780	1552
780	1576
780	794
780	1853
782	1789
782	2014
782	1175
782	1353
782	1885
782	1950
783	1026
783	795
783	898
784	1552
784	1517
784	1574
785	1574
785	1868
785	1298
785	2194
785	794
786	787
786	907
786	935
787	907
787	839
787	1264
787	2619
788	1665
788	1740
788	1290
788	1324
788	948
788	885
790	1275
791	1389
791	1392
791	1240
791	2202
791	1982
792	827
792	1683
792	1141
793	815
793	1359
793	1301
793	2166
793	859
793	830
794	1552
794	2194
794	2068
794	1574
794	1576
794	825
794	1856
794	1298
794	1868
794	2253
794	1486
794	1631
794	1575
794	1517
794	1789
796	1574
796	1550
796	1517
796	1973
798	1856
798	1602
798	859
798	836
798	847
798	855
798	1240
798	815
798	2236
799	1048
800	1298
801	802
801	1435
801	854
801	2506
801	1324
801	814
801	1517
801	2066
801	1486
801	1174
801	855
801	1258
801	1853
802	2066
802	854
802	2506
802	814
802	1517
802	1486
802	1174
802	1435
802	1258
803	1252
803	1190
804	1268
804	1549
805	1971
806	898
806	1108
806	1585
807	1026
807	1031
808	1864
808	1793
809	1393
810	836
810	1385
810	812
812	1240
812	836
814	2506
814	2066
814	1174
815	2466
815	997
815	1256
815	2318
815	847
815	1332
815	1305
816	1193
816	1932
816	1517
816	822
818	1411
819	1349
819	1121
819	2404
819	822
819	1062
819	1361
819	1009
819	1430
819	824
819	1158
819	1011
820	1454
822	1665
822	1796
822	1385
822	1290
822	1932
822	1517
822	2102
822	1193
823	925
823	1453
824	1088
824	2211
824	2404
824	1158
824	2601
824	1425
824	1074
824	1301
824	1053
824	1822
825	1868
825	2194
825	1574
826	840
826	1644
826	1781
826	830
827	1863
827	1174
828	2580
829	1190
830	1121
830	2404
830	1301
830	1631
831	1571
831	1563
831	1540
832	1318
833	938
835	844
835	1318
837	1193
837	1146
837	1796
837	838
839	1668
839	1669
839	1976
839	1977
839	2558
840	1644
840	1805
840	1781
841	1287
841	1973
842	1458
842	1459
843	1719
844	1261
844	2357
845	1424
845	1101
845	1846
845	1245
846	2304
846	2491
846	847
847	2304
847	1121
847	1315
847	2570
847	2256
847	1367
847	2491
848	1719
849	1987
849	2449
849	850
850	1987
851	2275
851	2287
851	1904
851	2519
851	1275
851	1150
851	2335
852	1385
853	854
854	1680
854	2196
854	2197
854	1946
854	1961
854	2353
854	1464
854	2368
854	1602
854	2372
854	2023
854	1517
854	2287
854	2300
854	1791
855	1505
855	1240
855	1402
857	1264
857	1508
857	1495
857	2376
857	2619
857	1949
857	1951
859	1665
859	2166
859	1737
859	1290
859	1740
859	948
859	1260
859	1302
859	860
859	1866
861	2083
861	2115
861	2263
861	1721
861	1275
861	2300
861	2139
862	2025
862	1478
863	948
865	866
865	1571
865	1540
865	1574
865	1591
866	1571
866	1540
867	2382
867	2101
867	2709
868	1248
868	1958
869	2635
871	1126
871	1967
871	976
871	917
871	1852
871	2557
874	1908
874	892
874	2319
876	883
876	1894
877	2277
877	1062
877	1009
877	2155
877	1455
877	1425
877	1430
877	922
877	987
877	2335
878	2570
878	2379
878	2543
878	1500
879	939
881	1539
881	2380
881	1859
881	1685
881	1367
881	1497
881	1557
881	2229
882	1750
883	1339
883	1894
883	2185
883	2282
883	2352
883	1584
883	2086
884	2051
884	1972
885	1665
885	1324
885	1290
885	1740
885	1619
885	948
885	1866
886	1394
886	1724
887	2351
888	948
888	1181
888	1022
890	2344
890	2259
891	2168
891	1618
891	1908
892	2319
892	2613
892	2639
893	1522
893	1570
894	1504
894	1569
894	1508
894	1572
894	1883
894	925
896	2052
896	1099
896	2517
896	1878
896	1946
896	1240
896	2202
897	2212
897	2508
897	1765
898	1026
898	1189
898	967
898	1362
898	1809
898	1585
898	1851
898	1597
898	2303
901	1507
902	1541
903	1501
903	1487
904	1550
905	962
905	955
907	1506
907	1875
908	1683
908	1866
909	910
910	964
910	2035
911	1190
912	929
912	1147
912	975
913	1025
913	2338
913	2410
913	2349
913	1837
913	1776
913	2584
913	1118
914	1188
914	1903
915	931
915	1006
915	1079
915	1080
915	958
916	984
917	1384
917	978
917	1422
917	945
917	2450
917	1174
917	1852
917	1213
918	1027
918	1156
918	919
918	1687
918	928
918	938
918	951
918	1211
918	961
918	1093
918	1098
918	972
918	975
918	992
918	1125
918	1129
918	1044
919	1027
919	1125
919	934
919	936
919	1033
919	970
919	1101
919	942
919	1007
919	945
919	1071
919	1034
920	1167
920	1168
920	1909
920	921
921	988
922	1765
922	1062
922	1009
922	2155
922	1425
922	1430
922	1272
922	1273
922	987
922	2108
923	1546
923	1695
925	1504
926	1291
927	951
928	1124
928	1063
928	1129
928	938
928	939
928	1196
928	1039
928	1687
928	1156
928	1098
929	1147
930	2035
930	2526
930	2014
931	1090
931	969
931	951
931	1144
931	1971
931	958
932	975
933	1148
933	1237
934	936
934	1033
934	970
934	1147
934	1034
935	1018
936	1185
936	1033
936	970
936	1071
936	1072
936	1492
936	2287
936	1034
937	1098
938	1035
938	1156
938	1129
938	1098
938	1687
938	1183
939	1196
940	941
942	975
942	946
942	984
943	1787
943	949
943	1219
944	1028
944	1130
944	945
945	1158
945	2344
945	1101
945	1425
945	1011
945	1430
945	2330
945	987
945	949
946	2275
946	1008
946	954
947	2112
947	2016
947	2275
947	2640
947	1457
947	2646
948	1665
948	1286
948	1290
948	2451
948	1302
948	2076
948	1181
948	2591
948	2438
948	1324
948	1866
948	1734
948	1737
948	1738
948	1740
948	1363
948	1241
948	1631
948	1260
948	1517
948	1264
948	1619
948	2166
948	1022
949	1219
949	1787
950	975
951	961
951	1090
951	1093
951	1309
951	1189
951	969
951	975
951	963
951	1044
951	1144
951	1211
951	1125
952	2020
953	2611
953	1061
954	2350
954	2031
954	2032
954	1073
954	1557
954	2039
955	962
955	995
955	1078
955	1176
957	1227
958	1127
959	1794
959	1124
959	2557
959	1258
960	962
960	970
960	1078
960	1561
960	1209
961	963
961	1093
961	975
961	1044
961	1240
961	1211
961	1125
962	995
962	1078
962	1176
963	1240
963	1035
963	1135
965	2568
965	972
967	1574
967	2415
967	1809
967	1682
967	1877
967	1334
967	1435
967	1308
967	1181
969	1090
969	1125
969	2155
969	1235
969	1015
969	1144
969	1081
969	979
969	1055
970	1033
970	1034
971	2311
972	1127
972	1063
972	1165
972	974
972	975
974	1063
975	992
975	1095
975	1044
975	1211
975	1212
975	1125
975	1093
976	977
977	1762
977	1905
977	1224
977	1101
977	1422
977	1137
977	978
977	1617
977	1787
978	1422
979	2155
980	1137
980	1138
980	983
982	1106
983	1152
983	1777
983	1234
983	1101
983	1137
983	1138
983	1096
983	1023
984	992
984	993
984	1570
984	1279
985	1699
985	1106
985	1080
985	1210
985	988
987	1009
987	1062
987	1041
987	2155
987	1053
987	1425
987	2163
987	1430
987	1112
987	2330
988	1080
990	1251
990	1188
990	1157
990	1158
990	1195
991	1008
991	1057
991	1074
991	995
992	993
992	1640
992	1211
992	1212
993	1640
994	1175
994	1174
994	2647
997	1761
997	1133
997	1106
997	1145
997	1336
997	1337
998	1016
998	1035
998	1036
998	1309
999	1056
999	1888
999	2292
1000	1001
1000	1164
1000	1924
1000	1087
1002	1084
1002	1003
1003	1084
1004	1528
1004	2299
1005	1031
1007	1030
1007	1109
1007	1208
1008	1109
1009	1121
1009	1062
1009	1361
1009	2155
1009	1425
1009	1430
1009	1594
1009	1011
1010	2272
1010	1083
1010	1156
1011	2404
1011	1349
1011	1158
1012	1186
1012	1247
1013	2592
1013	1369
1013	1073
1013	2613
1014	1091
1016	1603
1016	1164
1016	1037
1017	1018
1018	1070
1019	1321
1019	1020
1019	1021
1020	1321
1020	1021
1021	1030
1022	1946
1022	1181
1023	1152
1023	2571
1023	1144
1023	1113
1024	1362
1026	1798
1026	2216
1026	2415
1026	2162
1027	1125
1027	1292
1031	1709
1031	2492
1033	1034
1035	2609
1035	1036
1035	1135
1035	2097
1035	1083
1036	2609
1037	1280
1037	1217
1037	1253
1037	2405
1037	1777
1037	2705
1037	1053
1037	2271
1038	1272
1038	1247
1039	1124
1039	1063
1039	1196
1040	1057
1041	1183
1041	1735
1042	1189
1042	1958
1042	2057
1042	1938
1043	1600
1043	2260
1043	1130
1043	1767
1043	1849
1043	2224
1043	2322
1043	2548
1043	2646
1043	2521
1043	2489
1043	2239
1043	2047
1044	1093
1044	1057
1044	1064
1044	1211
1044	1125
1045	1659
1046	2049
1046	1155
1046	1769
1046	1194
1046	2160
1046	2147
1046	1238
1046	2458
1046	1659
1052	1968
1053	1217
1053	1446
1053	1157
1053	1137
1053	1062
1053	2705
1053	2163
1053	1782
1055	1082
1055	1831
1055	1101
1056	1834
1056	2292
1056	1198
1056	2038
1059	1997
1059	2493
1061	1497
1061	2611
1061	2257
1061	2023
1061	1275
1062	1091
1062	1125
1062	2155
1062	1425
1062	1430
1063	1124
1063	1127
1063	1196
1063	1165
1063	1211
1064	1350
1065	1066
1065	1405
1067	1138
1067	1139
1067	1246
1068	1079
1069	1319
1070	1371
1071	1184
1071	2287
1071	1072
1073	2689
1073	2191
1073	2594
1073	2215
1073	2350
1073	2613
1073	2231
1073	1848
1073	2165
1073	2371
1073	2646
1073	2526
1073	2030
1073	2031
1073	2032
1073	2033
1074	1088
1074	2601
1074	1333
1074	1245
1076	1077
1077	2335
1078	1209
1079	1080
1080	1090
1080	1131
1080	1111
1081	1262
1083	1096
1083	1138
1084	2609
1084	1662
1085	1169
1087	2402
1087	1924
1087	1227
1087	1525
1088	1089
1088	1316
1089	2611
1089	1316
1090	1144
1091	1125
1091	1555
1091	2583
1092	2429
1093	1125
1093	1098
1093	1211
1094	1539
1096	1138
1097	1136
1097	1113
1097	1762
1097	1157
1098	1314
1098	1156
1098	1192
1098	1129
1098	1687
1098	1930
1099	1664
1099	1792
1099	2562
1099	1125
1099	1100
1099	1997
1099	1905
1099	1112
1100	2277
1100	1456
1100	1905
1100	1112
1100	1125
1101	1782
1101	1784
1101	1777
1103	1253
1103	2391
1103	2413
1104	2293
1106	1184
1106	1210
1106	1215
1107	1944
1108	1422
1108	1782
1108	1178
1108	1180
1108	1758
1110	2073
1110	1644
1111	1668
1111	1669
1111	1192
1111	1385
1111	1131
1111	1113
1112	2562
1113	1152
1113	1122
1113	2115
1113	2263
1113	1721
1113	1275
1114	2112
1114	2570
1114	2165
1114	2646
1114	1848
1115	2546
1115	1701
1115	2711
1117	2597
1118	2530
1118	1429
1119	2171
1120	2155
1120	1197
1121	1158
1121	1361
1121	1430
1121	2404
1123	1467
1123	1292
1123	1887
1124	1196
1125	1211
1126	1873
1126	2134
1126	2135
1127	1165
1128	1801
1128	1239
1129	1156
1129	1677
1129	1617
1129	1687
1130	2548
1137	1138
1137	1782
1138	1250
1138	1234
1138	1782
1142	1250
1143	2466
1145	1761
1145	1422
1146	1193
1146	1759
1148	1237
1148	1236
1148	1373
1150	1904
1153	1154
1153	2348
1153	1950
1154	2515
1154	1950
1155	2049
1155	2617
1155	1769
1155	1162
1155	1161
1155	1593
1156	2272
1156	1687
1157	1158
1158	2404
1158	1257
1158	2445
1158	1349
1159	1205
1160	1161
1161	1162
1161	2182
1162	1303
1162	2049
1162	1335
1162	1593
1162	2631
1162	1780
1162	2359
1163	1379
1163	1692
1164	1762
1164	1331
1166	1617
1167	1168
1167	1909
1168	1909
1169	1638
1172	1466
1172	1820
1172	1173
1172	1175
1173	1559
1173	1263
1173	1201
1173	2673
1173	1175
1173	1820
1173	1466
1173	2335
1174	1559
1174	2066
1174	2071
1174	1946
1174	2203
1174	2351
1174	2358
1174	1975
1174	1973
1174	1241
1174	1175
1174	1891
1174	2661
1174	1643
1174	1517
1174	1647
1175	1574
1175	1366
1175	1241
1175	1885
1178	1287
1178	1179
1179	1318
1180	2275
1180	1357
1180	2318
1180	1782
1180	2391
1180	1784
1181	1868
1181	1609
1181	1221
1183	1312
1183	2315
1183	2564
1183	2217
1183	1659
1185	2164
1186	1710
1188	1251
1189	1585
1189	1309
1190	2402
1190	1618
1190	1525
1192	1314
1192	1671
1192	1447
1192	1772
1193	1932
1193	2317
1193	2639
1193	1243
1193	1214
1194	2696
1194	1769
1194	1711
1194	1814
1194	2713
1199	2169
1199	1549
1201	1440
1201	1435
1201	1431
1203	2218
1203	2351
1203	2140
1203	1973
1206	1441
1211	1212
1211	1620
1212	1620
1213	1241
1213	2450
1215	2056
1215	1812
1216	2123
1217	1280
1217	1865
1218	2259
1219	1988
1219	2472
1219	1748
1219	2264
1219	1786
1219	1787
1220	1221
1221	1609
1222	1312
1222	1256
1223	1376
1223	2122
1223	1779
1223	2423
1223	1758
1224	1762
1225	1909
1225	2445
1227	2277
1229	1780
1229	2181
1229	1406
1230	1355
1230	1254
1231	1733
1231	1371
1232	1662
1234	1917
1236	1237
1237	2456
1237	2043
1237	1373
1238	2049
1238	1462
1239	1801
1240	2052
1240	1985
1240	2604
1240	2517
1240	1403
1241	2433
1241	1287
1241	1559
1241	2214
1241	2218
1241	2630
1241	1613
1241	1242
1241	2270
1241	2271
1241	1574
1241	1643
1241	2172
1242	1517
1242	1574
1242	2591
1243	2639
1245	1964
1249	1475
1249	1430
1249	2256
1249	1501
1252	1326
1252	1327
1252	1631
1253	2705
1255	1448
1255	1378
1255	1379
1255	1772
1256	1312
1256	2466
1258	2557
1260	1665
1260	1737
1260	1290
1260	1740
1260	1902
1260	2451
1260	1302
1261	1409
1261	1318
1261	2152
1261	1644
1261	1393
1261	1299
1261	2327
1261	1404
1263	2024
1264	1495
1264	2221
1264	2619
1265	1325
1266	1665
1266	1860
1266	1362
1266	1267
1266	1306
1267	1665
1267	1705
1267	1324
1267	1362
1267	1461
1268	1925
1269	2648
1269	2015
1269	2023
1270	1376
1270	1272
1270	1448
1272	2433
1272	2308
1272	2439
1272	1448
1272	1836
1272	1336
1272	1467
1272	2122
1272	1617
1272	2405
1272	1376
1272	1765
1272	1385
1272	1772
1272	1779
1272	1784
1272	1273
1273	1779
1273	1766
1275	1331
1275	1721
1275	2115
1275	2644
1275	2263
1275	2015
1275	2083
1275	2275
1275	2023
1275	1900
1275	2139
1275	2300
1278	1571
1278	1994
1278	1517
1278	1527
1278	1514
1280	1767
1280	2047
1284	1285
1286	2438
1286	1517
1286	1808
1287	1450
1287	1973
1288	1952
1290	1665
1290	2451
1290	1302
1290	1356
1290	1324
1290	2616
1290	1737
1290	1866
1290	1740
1290	1619
1290	2141
1290	1517
1290	1902
1290	2166
1291	1711
1292	2515
1293	1381
1294	1597
1299	1318
1299	2587
1301	1425
1301	1349
1302	1665
1302	1736
1302	1737
1302	1740
1302	1306
1302	1866
1303	2049
1303	2182
1303	1335
1303	2458
1304	1905
1305	2318
1305	1782
1306	1665
1306	1736
1306	1738
1306	1362
1306	1860
1309	1726
1310	2122
1312	1765
1312	2315
1315	2491
1318	2020
1318	1899
1318	2476
1318	1838
1319	1320
1319	2293
1319	1653
1320	2293
1320	1547
1320	2035
1320	1653
1324	1795
1324	1665
1324	1385
1324	1740
1324	1619
1324	1866
1325	2340
1325	2032
1325	2066
1325	1559
1326	1327
1328	1427
1330	1442
1330	2614
1331	2644
1331	2226
1331	1762
1332	1665
1334	1665
1334	1346
1334	1345
1335	2049
1335	2182
1336	2308
1336	1451
1336	1617
1336	1337
1336	1765
1337	1617
1337	1783
1337	1759
1341	1343
1345	1737
1345	1665
1347	1385
1347	1348
1348	1385
1349	1425
1351	1372
1352	2256
1352	2260
1352	2257
1353	1575
1353	2392
1356	1665
1356	1740
1356	1435
1357	2275
1357	2354
1357	2389
1361	1455
1361	1430
1362	1665
1362	1585
1363	1984
1363	1985
1363	1574
1363	2218
1363	1976
1363	1631
1365	1748
1367	1831
1367	2256
1367	2491
1368	2248
1368	2282
1368	2266
1369	2592
1369	2188
1369	2613
1369	2646
1369	1847
1369	1848
1369	2165
1370	2631
1370	2218
1370	1466
1371	1733
1375	1376
1375	1784
1375	1759
1376	2439
1376	1448
1376	1772
1376	1784
1377	2324
1377	1941
1378	1379
1378	2439
1379	2439
1379	1448
1379	1772
1381	1610
1381	1611
1381	1612
1381	1654
1381	1655
1381	1656
1381	1689
1382	2237
1384	1385
1384	1933
1384	1398
1385	1738
1385	1389
1385	1392
1385	2166
1386	1936
1386	1409
1386	1675
1386	1806
1386	1671
1389	1392
1391	1414
1393	1806
1393	1421
1394	1475
1394	1724
1395	1763
1398	1933
1399	2140
1399	2218
1399	2292
1402	1505
1402	1682
1403	1714
1405	1672
1405	2305
1406	2181
1406	1713
1406	1929
1408	1572
1409	2152
1409	1411
1410	1707
1411	1644
1412	1675
1413	1760
1414	1415
1414	1675
1415	2327
1421	2153
1421	1806
1421	2136
1422	1743
1424	1770
1425	1762
1425	2155
1425	1430
1426	2503
1427	1433
1428	2716
1430	1899
1430	2256
1430	2666
1430	2155
1431	1440
1431	2277
1431	1437
1432	1449
1433	1505
1435	1504
1435	1859
1435	1574
1435	1450
1435	1468
1436	1797
1437	1445
1437	1974
1438	1665
1442	2614
1443	2652
1443	2499
1443	2179
1443	2310
1443	2684
1443	2414
1443	2717
1443	2513
1443	2627
1443	2268
1443	2453
1443	1980
1443	2013
1445	1603
1446	2395
1447	1671
1448	2433
1448	1765
1448	2439
1448	2122
1448	1772
1448	1779
1448	2405
1450	1859
1450	1876
1450	1973
1450	2390
1451	1728
1451	1617
1453	1587
1454	2059
1454	1551
1454	1559
1454	2340
1454	2609
1454	1973
1454	1849
1454	2229
1454	1891
1454	2295
1454	2174
1455	1594
1455	1850
1456	2280
1456	1457
1456	2277
1457	2112
1457	2016
1457	2567
1457	1847
1458	1459
1461	1665
1461	1860
1461	2151
1461	1705
1461	2076
1462	1890
1462	1771
1462	1700
1462	1765
1462	2182
1462	2147
1462	1780
1462	1688
1462	1689
1463	2350
1464	2368
1464	2372
1464	2023
1464	1961
1464	1470
1464	2412
1464	2353
1465	2323
1465	2228
1465	2239
1466	1820
1467	1472
1467	2466
1467	2212
1467	1765
1467	2405
1467	2439
1467	1617
1467	1784
1467	1757
1468	1590
1470	2412
1470	2023
1471	2508
1471	1974
1472	1617
1475	2021
1475	1495
1475	1597
1476	1559
1480	2330
1480	1552
1483	2660
1483	1884
1484	2320
1486	2437
1486	2222
1487	1488
1488	1489
1488	2706
1489	1602
1489	2291
1489	2196
1489	2197
1490	2709
1491	1947
1492	2267
1492	2195
1492	1960
1492	1962
1492	2061
1492	2287
1493	1578
1493	1580
1495	2221
1495	2619
1495	1949
1495	1918
1496	1794
1497	2380
1497	2257
1497	2291
1497	2588
1498	2229
1499	2109
1499	2233
1500	2336
1500	2379
1500	2543
1501	2340
1501	1588
1501	2229
1501	1559
1502	2252
1505	1506
1505	1934
1507	1587
1507	1604
1508	1572
1508	1949
1511	2296
1511	2345
1513	2095
1514	2277
1514	2675
1514	2276
1514	2335
1516	2273
1516	2058
1517	1665
1517	1540
1517	1796
1517	2591
1517	1576
1517	1577
1517	2218
1517	2604
1517	1966
1517	1973
1517	1859
1517	1737
1517	1866
1517	1623
1517	2267
1517	1552
1517	1574
1517	1639
1517	1902
1517	1877
1519	2282
1519	1555
1520	1521
1520	2061
1520	1645
1521	2011
1521	1840
1521	2297
1521	1818
1521	1595
1521	1596
1522	1570
1522	2374
1523	2640
1523	2074
1523	1524
1524	2640
1524	2074
1525	1952
1525	2402
1525	1587
1525	1909
1526	1715
1528	2299
1530	1562
1530	2133
1530	1791
1531	1532
1533	2199
1534	1657
1534	1556
1534	1653
1538	1636
1540	1571
1540	1574
1540	1588
1540	1563
1541	1554
1542	2340
1542	2095
1542	1559
1542	1560
1543	2640
1543	2434
1543	1544
1543	1545
1543	1904
1544	1545
1545	2350
1546	1547
1546	2128
1546	1556
1547	2128
1547	1556
1549	1639
1549	2024
1549	2346
1549	2492
1551	1648
1551	1657
1551	2174
1552	1574
1552	1831
1552	1871
1552	1576
1552	1853
1553	1569
1553	1634
1554	1874
1554	2079
1555	2282
1555	1904
1555	2583
1555	2328
1555	1849
1556	2128
1556	1657
1557	2047
1558	1569
1558	1642
1559	1954
1559	2340
1559	2059
1559	2335
1559	2066
1559	1973
1562	2133
1562	2299
1563	1571
1564	1852
1564	2238
1565	1566
1565	1573
1566	1573
1567	2220
1569	1642
1569	2035
1571	1665
1571	1875
1571	1591
1574	2194
1574	2591
1574	1576
1574	2123
1574	1868
1574	1613
1574	1877
1574	1631
1574	1577
1575	1899
1575	2229
1575	1973
1576	1577
1577	2591
1581	2156
1582	1842
1583	1584
1583	2010
1583	2204
1583	2335
1585	1809
1585	1597
1585	2303
1587	2402
1587	1604
1587	1685
1594	1696
1594	2283
1595	2075
1595	2076
1595	1840
1595	2297
1595	1596
1596	2297
1596	1818
1597	2177
1597	1910
1597	2301
1600	2340
1600	1767
1600	2295
1600	1849
1600	2229
1601	2223
1602	1869
1602	2319
1602	2291
1602	2196
1602	2197
1602	2233
1602	2236
1602	2109
1604	1605
1605	2170
1608	2632
1610	1611
1610	1612
1610	1654
1610	1655
1610	1656
1610	1689
1610	1661
1611	1612
1611	1654
1611	1655
1611	1656
1611	1689
1612	1654
1612	1655
1612	1656
1612	1689
1613	2214
1613	2218
1613	1717
1613	1915
1615	1859
1615	1896
1615	1867
1615	2253
1615	2579
1617	2466
1617	1765
1617	2439
1617	1677
1617	2612
1617	1783
1617	1784
1617	1759
1618	2402
1619	1665
1619	1740
1619	1866
1621	2256
1622	1745
1631	2218
1632	1668
1632	2386
1637	2104
1637	1702
1637	2175
1638	2049
1638	2201
1638	1691
1639	1866
1639	2492
1639	2218
1640	2248
1640	2412
1641	1746
1645	2684
1645	2597
1645	2487
1648	2243
1648	1649
1648	1657
1648	2111
1649	2243
1649	1657
1649	2111
1650	1658
1650	1651
1651	1658
1652	2185
1653	2035
1654	1655
1654	1661
1654	1656
1654	1688
1654	1689
1655	1661
1656	1688
1656	1689
1656	1661
1657	2243
1657	2111
1657	2347
1657	1695
1658	1711
1659	2049
1659	2160
1659	2458
1661	1688
1661	1689
1662	2609
1663	1684
1664	1692
1665	1795
1665	2451
1665	1705
1665	2616
1665	1860
1665	1736
1665	1737
1665	1866
1665	1740
1665	2141
1665	1902
1666	2050
1667	2620
1668	1669
1672	2305
1676	2305
1680	2018
1680	2115
1680	1956
1680	2028
1680	2295
1684	1843
1685	1997
1686	2522
1687	2355
1687	1759
1688	1689
1690	1691
1692	2674
1694	2006
1698	1701
1700	2147
1702	2212
1702	1703
1702	2008
1702	1757
1702	2175
1703	2008
1703	2612
1704	2333
1705	1860
1705	2076
1708	2296
1709	2192
1709	1906
1709	2306
1711	2713
1713	1929
1714	2155
1716	1969
1721	2083
1721	2139
1721	2115
1721	2263
1721	2300
1723	2272
1723	2387
1723	1980
1730	1874
1731	2159
1732	2332
1734	2162
1734	2071
1737	1740
1737	1902
1737	2141
1737	2451
1737	1866
1738	1739
1738	2166
1738	2076
1739	2166
1740	2141
1740	2616
1740	1866
1740	2451
1743	1756
1743	2719
1748	1988
1748	2207
1749	1970
1751	2324
1753	2600
1753	2513
1753	2707
1753	1790
1753	2038
1754	2312
1754	1767
1755	1990
1755	2388
1755	2203
1756	1760
1756	1776
1756	2100
1756	2719
1757	2212
1757	2405
1758	2271
1758	1777
1758	1783
1758	1759
1759	1783
1759	1777
1759	2271
1762	1905
1762	1782
1762	2231
1763	2467
1764	2584
1764	2721
1764	1995
1764	2684
1765	1771
1765	1766
1765	2182
1765	2122
1765	2315
1765	1784
1765	1778
1765	1779
1766	1778
1767	1956
1767	1849
1767	2229
1767	2521
1767	2047
1768	1774
1768	1775
1769	2252
1769	1814
1771	1925
1771	2182
1772	2439
1772	1836
1774	1776
1774	1775
1775	1776
1776	1825
1776	2338
1776	1837
1776	1983
1777	2271
1778	2508
1779	2466
1779	2318
1779	2423
1779	2122
1780	2147
1780	2182
1780	2183
1782	2521
1784	2212
1784	1945
1786	2264
1786	1787
1787	2472
1787	2264
1789	1955
1789	1895
1789	2089
1789	2253
1789	2068
1789	2039
1789	2014
1791	2017
1791	2267
1791	2300
1792	2240
1792	2258
1792	2226
1792	2133
1795	2357
1802	2499
1802	2708
1802	2654
1803	2125
1804	1805
1806	1936
1806	1830
1807	1924
1810	1932
1810	2102
1810	2015
1811	2621
1812	1922
1812	1843
1815	2567
1817	1819
1818	2297
1820	1892
1820	2673
1821	2149
1826	1827
1829	2585
1829	2513
1831	1871
1834	2004
1834	2036
1834	2038
1835	2423
1837	2684
1837	2338
1837	2627
1837	2513
1837	2408
1837	2652
1837	2284
1837	2665
1837	1944
1837	2393
1837	2012
1837	2590
1837	2431
1840	2297
1843	2097
1845	1846
1846	2350
1847	2567
1847	2215
1847	2165
1847	2646
1847	1848
1848	2594
1848	2371
1848	2215
1848	2231
1848	2188
1848	2165
1848	2646
1849	2345
1849	1956
1849	2229
1849	2275
1849	2645
1849	2340
1849	2524
1849	1891
1849	2277
1849	2418
1849	2295
1851	1915
1855	2475
1858	2317
1859	1876
1861	2236
1866	2020
1866	2218
1868	2194
1869	2196
1873	1969
1873	2238
1873	2135
1873	2683
1874	2079
1878	1946
1878	2202
1881	1882
1881	2302
1882	2302
1884	1898
1884	2292
1885	2335
1888	2296
1891	2275
1891	2340
1891	2358
1891	2343
1891	2661
1891	2351
1891	2066
1891	2260
1891	2229
1891	2295
1892	2338
1893	2279
1893	2443
1893	2287
1893	2164
1893	2266
1893	2010
1894	2350
1894	2068
1894	1981
1895	2049
1895	2189
1895	2480
1895	2039
1895	2424
1895	2042
1895	1918
1896	1897
1896	2579
1897	2411
1898	2292
1900	2115
1900	2139
1904	2282
1904	2640
1904	2072
1904	2263
1904	2328
1904	2681
1906	2306
1908	2168
1909	1952
1909	2445
1912	2028
1914	2533
1915	2218
1917	2294
1918	2189
1918	2103
1920	2661
1922	2419
1926	2409
1928	2254
1930	2292
1930	2218
1932	2102
1932	2015
1938	2057
1938	2089
1938	2109
1941	2324
1942	1943
1944	2590
1946	2351
1946	2232
1946	2202
1949	1951
1950	1955
1950	2014
1951	1953
1952	1953
1954	2340
1954	1960
1954	2089
1954	2126
1954	2229
1954	1956
1955	2039
1956	2340
1956	2028
1956	2018
1956	2610
1956	2131
1956	2229
1956	2295
1957	2343
1957	2275
1958	2400
1958	1959
1958	1960
1958	2089
1958	2130
1958	2248
1958	2068
1958	2014
1958	2687
1959	2400
1959	2277
1959	2247
1959	1960
1959	2260
1960	2400
1960	2340
1960	2126
1961	2368
1961	2372
1961	2023
1961	2353
1962	2267
1962	2061
1962	2195
1965	2529
1965	2340
1965	2055
1965	2536
1965	2126
1965	2352
1965	2545
1965	2229
1965	2262
1965	2277
1968	2229
1968	2102
1968	2335
1969	2694
1969	2540
1969	2486
1969	2712
1969	2494
1971	2590
1972	2238
1973	2194
1973	2229
1976	1984
1976	1985
1976	2476
1976	1977
1977	2476
1978	2304
1980	2721
1980	2627
1980	2684
1980	2673
1980	2652
1981	2019
1982	2608
1984	1985
1985	2140
1985	2351
1985	2296
1985	2292
1985	2390
1988	2320
1988	2430
1989	1990
1990	2388
1990	2203
1991	2550
1991	2222
1993	1994
1994	2618
1995	2584
1995	2435
1996	2622
1997	2493
1999	2499
2000	2717
2002	2600
2002	2722
2005	2138
2007	2599
2008	2612
2009	2578
2009	2599
2010	2279
2010	2443
2010	2204
2010	2335
2011	2297
2012	2408
2012	2665
2012	2284
2012	2431
2013	2179
2013	2310
2013	2513
2013	2684
2013	2717
2014	2095
2014	2189
2014	2035
2014	2068
2015	2368
2015	2083
2015	2023
2015	2221
2015	2102
2015	2648
2016	2112
2016	2017
2017	2300
2018	2028
2018	2131
2020	2321
2020	2158
2021	2291
2021	2703
2021	2576
2023	2335
2023	2353
2023	2265
2023	2368
2023	2372
2023	2248
2023	2260
2023	2648
2023	2282
2023	2412
2023	2300
2024	2025
2025	2026
2028	2131
2029	2287
2030	2689
2030	2033
2030	2031
2030	2032
2030	2526
2031	2689
2031	2033
2031	2273
2031	2191
2031	2032
2031	2610
2031	2295
2031	2289
2031	2526
2031	2335
2032	2689
2032	2033
2032	2057
2032	2350
2032	2262
2032	2526
2033	2689
2033	2526
2034	2035
2035	2095
2036	2037
2036	2038
2037	2513
2037	2038
2038	2513
2039	2041
2039	2042
2041	2042
2042	2424
2042	2335
2043	2456
2047	2229
2047	2282
2047	2260
2047	2625
2047	2521
2047	2234
2049	2160
2049	2607
2049	2458
2049	2078
2052	2517
2053	2221
2053	2352
2053	2335
2054	2084
2054	2190
2055	2255
2055	2161
2057	2262
2057	2109
2058	2273
2058	2669
2058	2204
2065	2199
2065	2598
2066	2340
2066	2260
2066	2229
2068	2400
2068	2248
2068	2089
2068	2282
2068	2253
2068	2350
2068	2191
2068	2069
2069	2400
2069	2282
2070	2268
2072	2328
2074	2093
2074	2351
2074	2661
2075	2076
2075	2229
2075	2296
2075	2335
2076	2166
2078	2459
2078	2607
2083	2368
2083	2236
2083	2139
2083	2300
2083	2115
2083	2263
2084	2190
2085	2086
2086	2185
2086	2282
2086	2352
2089	2248
2089	2253
2089	2130
2089	2687
2095	2096
2099	2483
2099	2523
2102	2524
2102	2229
2102	2335
2104	2119
2108	2122
2109	2233
2111	2243
2112	2570
2112	2640
2112	2165
2112	2646
2115	2240
2115	2247
2115	2139
2115	2263
2115	2300
2116	2640
2117	2612
2122	2423
2126	2340
2126	2262
2129	2293
2130	2248
2130	2687
2133	2240
2133	2258
2133	2226
2134	2542
2135	2238
2139	2263
2139	2300
2140	2218
2140	2292
2141	2451
2141	2616
2150	2151
2154	2417
2154	2255
2154	2161
2157	2452
2158	2321
2160	2458
2161	2255
2162	2216
2164	2687
2164	2266
2164	2287
2165	2594
2165	2215
2165	2570
2165	2231
2165	2188
2165	2646
2167	2259
2172	2433
2172	2271
2179	2310
2179	2717
2179	2513
2182	2183
2185	2282
2185	2352
2188	2646
2191	2526
2196	2291
2196	2197
2197	2291
2199	2598
2199	2481
2201	2589
2202	2232
2203	2388
2204	2275
2204	2221
2204	2335
2211	2508
2212	2405
2212	2251
2215	2594
2215	2371
2215	2646
2218	2631
2218	2292
2220	2636
2220	2317
2221	2703
2221	2368
2221	2352
2221	2706
2221	2645
2221	2619
2221	2335
2224	2312
2224	2282
2224	2548
2224	2489
2224	2239
2225	2358
2226	2258
2227	2369
2227	2228
2228	2323
2228	2646
2228	2239
2229	2545
2229	2335
2229	2610
2229	2247
2229	2340
2229	2529
2229	2277
2229	2295
2229	2296
2229	2557
2230	2322
2230	2260
2231	2275
2231	2389
2231	2646
2234	2322
2234	2260
2237	2542
2238	2344
2238	2335
2239	2323
2239	2258
2239	2548
2239	2489
2240	2258
2243	2302
2246	2353
2246	2341
2246	2567
2246	2669
2246	2545
2246	2646
2247	2340
2247	2277
2247	2260
2248	2400
2248	2625
2248	2412
2248	2266
2248	2687
2250	2283
2253	2282
2256	2666
2257	2282
2257	2260
2258	2335
2259	2369
2259	2344
2260	2322
2260	2455
2260	2596
2260	2344
2260	2602
2260	2529
2260	2489
2260	2372
2260	2277
2260	2280
2260	2412
2260	2548
2263	2282
2263	2681
2263	2300
2264	2472
2266	2287
2267	2604
2271	2433
2272	2387
2273	2669
2275	2436
2275	2309
2275	2335
2275	2340
2275	2343
2275	2354
2275	2615
2275	2280
2275	2282
2275	2295
2275	2389
2276	2675
2277	2529
2277	2340
2277	2280
2277	2335
2278	2326
2279	2443
2282	2335
2282	2352
2282	2615
2282	2625
2283	2294
2284	2408
2284	2665
2284	2577
2284	2431
2286	2478
2289	2618
2291	2576
2291	2588
2292	2631
2295	2340
2295	2335
2296	2390
2296	2303
2296	2351
2296	2557
2303	2351
2307	2351
2310	2600
2310	2717
2310	2513
2310	2691
2311	2314
2312	2349
2313	2351
2317	2636
2318	2391
2319	2613
2319	2639
2322	2372
2322	2344
2325	2688
2325	2612
2335	2340
2335	2344
2335	2352
2335	2675
2335	2570
2340	2610
2340	2529
2340	2545
2344	2536
2344	2436
2345	2418
2345	2524
2349	2416
2349	2410
2349	2584
2351	2358
2351	2390
2351	2661
2352	2536
2353	2368
2353	2372
2356	2619
2358	2535
2358	2661
2364	2539
2368	2372
2377	2525
2379	2703
2382	2709
2391	2413
2392	2496
2393	2454
2397	2709
2405	2433
2405	2439
2405	2423
2407	2569
2408	2665
2408	2431
2410	2584
2410	2507
2413	2427
2414	2453
2414	2499
2423	2478
2423	2639
2426	2624
2426	2513
2431	2665
2432	2509
2433	2439
2442	2495
2448	2667
2449	2511
2451	2475
2451	2616
2453	2499
2460	2597
2465	2671
2468	2606
2471	2525
2475	2616
2478	2639
2483	2523
2488	2605
2489	2548
2491	2570
2494	2712
2495	2570
2499	2708
2499	2654
2502	2551
2503	2562
2512	2674
2512	2668
2513	2624
2513	2659
2513	2627
2513	2643
2513	2707
2513	2684
2513	2717
2515	2661
2526	2689
2529	2545
2530	2573
2532	2574
2534	2652
2534	2670
2546	2711
2549	2652
2561	2672
2563	2643
2565	2628
2567	2580
2567	2646
2570	2646
2574	2646
2576	2645
2578	2599
2592	2613
2596	2602
2600	2691
2600	2695
2602	2650
2613	2639
2624	2643
2625	2687
2627	2684
2627	2721
2627	2652
2628	2672
2645	2703
2652	2721
2652	2684
2654	2708
2668	2674
2684	2721
2703	2706
