0	2677
1	2690
1	2282
1	285
1	366
2	517
2	6
2	2323
2	21
2	23
2	24
2	25
2	32
2	35
2	36
2	1061
2	39
2	43
2	49
2	2228
2	1465
2	60
2	190
2	2239
2	197
2	326
2	74
2	547
2	1367
2	601
2	2047
2	91
2	92
2	97
2	358
2	2023
2	1130
2	875
2	366
2	496
2	881
2	115
2	2548
2	373
2	1275
2	277
3	2625
3	101
3	2248
3	92
3	2282
3	23
3	508
3	285
4	2348
5	675
5	1174
5	2280
5	291
5	1643
5	44
5	79
5	561
5	339
5	20
5	8
5	313
5	2040
5	2260
6	517
6	2312
6	471
6	15
6	1043
6	277
6	23
6	24
6	25
6	261
6	32
6	35
6	36
6	1061
6	39
6	43
6	1557
6	2224
6	49
6	2227
6	2358
6	2489
6	190
6	2239
6	64
6	197
6	326
6	851
6	1721
6	601
6	91
6	92
6	97
6	358
6	2023
6	1130
6	2027
6	366
6	2287
6	496
6	115
6	2548
6	373
6	1275
6	21
7	356
7	1542
8	675
8	262
8	1643
8	1901
8	79
8	1174
8	313
8	1533
8	285
9	1445
9	1437
10	489
10	1962
11	2195
11	2060
11	110
11	751
12	733
12	1859
12	1606
12	1994
12	13
12	509
12	697
12	493
12	810
13	733
13	643
13	1606
13	810
13	1613
13	2173
13	509
13	560
13	697
13	493
13	220
13	1994
14	65
14	1542
14	71
14	2289
14	2618
14	1598
15	2368
15	261
15	21
15	25
15	2287
15	419
15	1962
15	43
15	44
15	2221
15	2095
15	820
15	56
15	1339
15	64
15	209
15	1493
15	471
15	985
15	474
15	2528
15	721
15	1513
15	2031
15	112
15	113
17	1152
17	961
17	1090
17	933
17	1190
17	711
17	872
17	553
17	970
17	460
17	461
17	405
17	478
17	1129
17	1079
17	1080
17	921
17	718
17	492
17	350
17	1733
18	2132
18	2613
18	1798
19	266
19	267
19	2703
19	2576
19	2706
19	404
19	44
19	2221
19	2619
19	576
19	193
19	450
19	139
19	198
19	2379
19	1488
19	2645
19	1495
19	91
19	2021
19	1264
19	2291
19	246
19	634
20	2040
20	339
21	2449
21	277
21	23
21	24
21	25
21	1690
21	197
21	32
21	35
21	36
21	1061
21	39
21	43
21	44
21	175
21	49
21	564
21	2335
21	190
21	64
21	67
21	581
21	326
21	471
21	601
21	91
21	92
21	224
21	408
21	358
21	2023
21	366
21	2287
21	496
21	115
21	372
21	373
21	1275
23	384
23	2064
23	402
23	24
23	25
23	32
23	35
23	36
23	1061
23	39
23	43
23	49
23	190
23	2239
23	197
23	326
23	336
23	2258
23	601
23	91
23	92
23	1634
23	1894
23	358
23	2023
23	366
23	496
23	115
23	373
23	1275
23	254
23	277
24	657
24	2195
24	277
24	25
24	32
24	35
24	36
24	1061
24	39
24	1962
24	43
24	49
24	313
24	190
24	197
24	326
24	518
24	1492
24	601
24	91
24	92
24	868
24	358
24	2023
24	2536
24	362
24	366
24	496
24	115
24	373
24	2267
24	1275
25	2353
25	2574
25	32
25	35
25	36
25	1061
25	39
25	43
25	2224
25	49
25	1464
25	190
25	64
25	2115
25	2372
25	197
25	326
25	851
25	85
25	471
25	601
25	91
25	92
25	2532
25	358
25	2023
25	366
25	2287
25	496
25	115
25	373
25	1275
25	277
26	2592
26	2353
26	2246
26	2567
26	2204
26	2442
26	269
26	1457
26	370
26	467
26	2646
26	1369
26	947
26	252
26	861
28	1457
28	1231
28	76
28	489
30	505
30	865
32	1792
32	277
32	35
32	36
32	1061
32	39
32	43
32	49
32	2226
32	190
32	2240
32	2115
32	197
32	326
32	2258
32	2133
32	601
32	91
32	92
32	102
32	358
32	2023
32	366
32	496
32	115
32	373
32	1275
33	624
33	1075
33	492
33	998
33	495
34	1665
34	292
34	807
34	1048
34	799
34	1311
35	1792
35	659
35	36
35	1061
35	39
35	43
35	49
35	2226
35	190
35	2239
35	2240
35	2115
35	197
35	326
35	2258
35	2133
35	601
35	91
35	92
35	102
35	358
35	2023
35	366
35	496
35	115
35	373
35	1275
35	277
36	384
36	517
36	519
36	520
36	2057
36	523
36	1169
36	402
36	282
36	1541
36	518
36	38
36	39
36	424
36	43
36	1968
36	49
36	187
36	190
36	577
36	197
36	326
36	336
36	1955
36	601
36	91
36	92
36	37
36	2014
36	1061
36	1634
36	358
36	1894
36	2023
36	1959
36	366
36	1519
36	496
36	115
36	373
36	1275
36	277
37	38
37	39
37	424
37	2057
37	1042
37	782
37	1789
37	1968
37	1938
37	2109
37	155
37	125
37	126
37	127
38	385
38	1955
38	519
38	424
38	39
38	1965
38	1968
38	2545
38	2262
38	2039
38	954
38	2396
38	2042
39	1170
39	277
39	424
39	43
39	1968
39	49
39	190
39	197
39	326
39	601
39	91
39	92
39	1061
39	358
39	2023
39	366
39	496
39	115
39	373
39	1275
40	129
40	1231
40	492
40	221
40	487
41	420
41	521
41	42
41	2158
41	2269
41	2613
41	1513
41	458
41	1013
42	66
42	2020
42	2321
42	1866
42	402
42	2158
42	145
42	146
42	147
42	729
43	395
43	2287
43	930
43	1061
43	2396
43	44
43	49
43	60
43	190
43	373
43	64
43	197
43	326
43	493
43	77
43	851
43	85
43	471
43	601
43	91
43	92
43	2526
43	358
43	2023
43	2279
43	2029
43	494
43	495
43	496
43	2034
43	115
43	366
43	547
43	1275
43	765
43	277
44	192
44	1154
44	282
44	903
44	2185
44	267
44	268
44	404
44	878
44	1949
44	291
44	295
44	1578
44	1580
44	45
44	47
44	438
44	2619
44	64
44	193
44	578
44	139
44	196
44	758
44	471
44	713
44	464
44	212
44	597
44	1495
44	857
44	1500
44	263
44	2021
44	237
44	238
44	1264
44	1652
44	245
44	246
44	247
44	634
44	635
44	1493
45	1154
45	196
45	295
45	297
45	1578
45	1549
45	79
45	1652
45	1493
45	438
45	247
45	2185
45	212
45	282
45	2333
46	441
46	1410
46	1927
46	1293
46	1383
47	1569
47	2185
47	1642
47	1457
47	405
47	1558
47	247
47	249
47	821
48	352
48	75
48	619
48	227
48	821
48	758
49	523
49	1061
49	50
49	190
49	1731
49	197
49	326
49	518
49	601
49	91
49	92
49	227
49	358
49	2023
49	2024
49	489
49	1883
49	366
49	2159
49	496
49	115
49	372
49	373
49	1275
49	277
50	1883
50	518
51	827
51	2662
51	783
51	722
51	819
51	52
51	53
51	378
51	2203
51	1629
52	2203
52	53
53	289
53	1755
53	1990
53	1059
53	2388
53	332
53	78
53	913
53	722
53	750
53	313
53	57
53	378
53	2203
53	2493
53	703
54	163
54	1895
54	2480
54	2258
54	115
54	2335
54	2079
55	1859
55	1339
56	1491
56	2160
56	115
56	1748
56	884
56	1947
57	2562
57	389
57	1162
57	2059
57	913
57	2706
57	1557
57	1454
57	2479
57	2610
57	2103
57	313
57	447
57	2626
57	323
57	324
57	2631
57	328
57	332
57	2640
57	85
57	1495
57	217
57	1145
57	1918
57	2047
58	2340
58	679
58	268
58	2229
58	1751
58	59
58	1501
58	1941
59	1600
59	2340
59	710
59	774
59	1751
59	2418
59	564
59	1941
59	2295
59	1849
60	547
60	496
60	114
60	115
61	2273
61	1570
61	231
61	2058
61	1516
61	2189
61	2191
61	984
61	1722
61	2095
61	954
61	2014
62	2603
62	1613
62	560
62	721
62	2482
62	1241
63	264
63	2064
63	474
63	2386
64	1538
64	261
64	390
64	391
64	2306
64	130
64	1560
64	218
64	163
64	423
64	1709
64	1849
64	65
64	67
64	69
64	1353
64	205
64	212
64	471
64	1498
64	219
64	220
64	224
64	1542
64	295
64	366
64	2287
64	369
64	1906
64	84
65	420
65	1542
65	71
66	454
66	455
66	146
66	414
66	510
66	1338
66	1342
66	437
67	68
67	265
67	395
67	364
67	2515
67	2703
67	115
67	268
67	100
68	2661
68	1514
68	364
68	213
68	2296
68	283
68	1278
69	130
69	1542
69	390
69	391
70	232
70	1377
70	282
70	339
71	1058
71	646
71	744
71	875
71	268
71	560
71	2289
71	562
71	2618
71	1886
72	657
73	2055
73	239
73	240
73	274
73	249
73	2490
74	1367
74	1231
74	881
74	502
74	567
75	770
75	227
75	806
75	425
75	619
75	2355
75	821
75	1687
76	205
77	260
77	230
77	2311
77	1449
77	2314
78	1921
78	675
78	324
78	455
78	778
78	177
79	196
79	212
79	1454
79	2609
79	115
79	884
79	2229
79	2260
79	1972
79	186
79	91
79	2333
79	190
80	130
80	261
80	2093
80	1589
80	2074
80	2108
82	646
83	1362
84	224
84	2098
85	2436
85	647
85	395
85	2574
85	1426
85	2581
85	1275
85	1183
85	1464
85	2265
85	1470
85	324
85	326
85	327
85	1848
85	2260
85	2276
85	92
85	2275
85	2532
85	2023
85	2280
85	1514
85	2412
85	493
85	115
85	2165
85	2644
85	1659
85	2282
87	1055
88	336
88	2169
88	530
88	874
88	1199
89	2421
89	686
89	1029
90	709
90	938
90	1035
90	1039
90	528
90	1233
90	690
90	1018
90	1135
90	1663
91	1792
91	261
91	2340
91	267
91	1791
91	1061
91	1962
91	115
91	186
91	1721
91	954
91	190
91	2115
91	197
91	326
91	2258
91	2083
91	2260
91	2263
91	601
91	2139
91	92
91	861
91	358
91	2023
91	2282
91	875
91	366
91	2287
91	496
91	851
91	373
91	2267
91	1492
91	1275
91	2300
91	277
92	384
92	2353
92	402
92	277
92	1061
92	190
92	195
92	197
92	326
92	203
92	464
92	601
92	336
92	1634
92	1894
92	358
92	2023
92	2282
92	366
92	1519
92	496
92	115
92	373
92	1275
92	508
92	106
93	766
93	516
93	1258
93	1683
93	1173
93	287
93	668
93	94
93	639
94	768
94	867
94	1252
94	204
94	904
94	908
94	844
94	835
94	785
94	1683
94	660
94	2517
94	1366
94	663
94	280
94	794
94	766
95	1280
95	897
95	2395
95	2212
95	2405
95	1446
95	392
95	2282
95	2251
95	1900
95	1053
95	2163
95	1784
95	2308
95	1467
95	799
95	1757
95	607
97	2260
97	1767
97	2312
97	1130
97	2567
97	2224
97	1457
97	1043
97	2548
97	2165
97	2489
97	1848
97	1369
97	1754
97	2047
97	284
97	2280
97	2239
98	2594
98	2275
98	1062
98	326
98	106
98	2231
98	1073
98	2610
98	2165
98	2646
98	217
98	1848
98	1369
98	1114
99	2316
99	2421
99	734
100	2023
100	2248
100	2412
100	395
100	268
100	115
100	1368
100	2266
101	2625
101	2372
101	2529
101	2248
101	225
101	2259
101	2164
101	447
101	285
101	2687
102	2240
102	105
102	395
102	2258
102	1586
102	2115
103	946
103	934
105	515
105	516
105	1957
105	328
105	298
105	395
105	1240
106	790
106	2231
106	538
106	1275
106	954
107	736
107	1040
107	552
107	767
108	2652
108	2549
109	2674
109	2549
109	2654
109	1942
109	1943
110	2060
110	2195
110	751
111	176
111	1105
111	2022
111	385
112	523
112	577
112	419
112	2053
112	902
112	2376
112	364
112	619
112	300
112	464
112	113
112	884
112	342
112	535
112	728
114	115
115	384
115	385
115	2091
115	265
115	395
115	268
115	269
115	402
115	2067
115	282
115	2230
115	2081
115	1954
115	2085
115	2086
115	2090
115	2348
115	186
115	190
115	447
115	197
115	326
115	2060
115	458
115	336
115	851
115	2260
115	601
115	2269
115	1061
115	2529
115	1634
115	1894
115	358
115	2023
115	363
115	366
115	2287
115	496
115	373
115	1275
115	277
116	2181
116	117
116	1406
116	1229
117	544
117	2689
117	358
117	1073
117	489
117	2030
117	2031
117	2032
117	2033
117	883
117	1457
117	721
117	2526
118	2048
118	2049
118	2458
118	1895
118	1303
119	482
119	500
120	256
120	2083
120	485
120	2236
120	1970
120	2035
120	405
120	504
120	1980
121	1414
121	713
121	1418
121	1870
121	1172
121	1173
121	1175
121	2488
121	730
121	522
122	1408
122	706
122	1508
122	297
122	652
122	1353
122	1572
123	800
123	618
123	301
123	1502
123	277
124	487
124	488
124	1004
124	909
124	910
124	2035
124	222
124	223
125	353
125	424
125	464
125	693
125	2035
125	126
125	695
125	537
125	488
125	127
125	221
125	222
125	223
126	424
126	223
126	221
126	537
126	127
126	222
126	991
127	353
127	1547
127	1319
127	424
127	501
127	364
127	464
127	1320
127	351
127	538
127	143
127	221
127	222
127	223
128	906
128	2035
128	1436
128	487
129	961
129	2550
129	822
130	1538
130	163
130	1542
130	391
130	2189
130	212
130	390
131	416
131	1678
131	1679
132	464
132	1642
132	1558
133	899
133	1648
133	2243
133	1881
133	1882
133	2302
134	1546
134	1556
134	554
134	135
135	2128
135	1320
135	201
135	554
135	1547
135	143
135	144
135	595
135	1556
135	1653
135	599
135	2040
135	1657
135	1546
135	1534
136	580
136	1161
136	1162
136	1007
136	1208
136	2116
137	480
137	1490
137	549
138	1443
138	2310
138	2717
138	2513
138	2179
138	2036
138	1686
138	2522
138	2013
139	192
139	193
139	674
139	423
139	2021
139	2535
139	267
139	2221
139	2703
139	2576
139	2571
139	1555
139	404
139	2645
139	246
139	1849
139	634
139	1023
139	309
141	1472
141	1617
141	1714
141	1155
141	2617
142	419
142	191
143	353
143	1547
143	1319
143	1320
143	201
143	1546
143	223
143	144
143	222
143	1556
143	1653
143	1657
143	538
143	923
143	200
143	1534
144	200
144	201
144	2347
144	338
144	599
144	1368
145	2020
145	2089
145	1420
145	146
145	402
145	2321
145	210
145	147
145	340
146	2020
146	2321
146	489
146	1420
146	2158
146	402
146	147
146	1866
147	898
147	259
147	2020
147	2321
147	402
147	210
147	340
148	898
148	653
148	598
148	149
149	653
149	598
149	1549
150	2097
150	484
150	582
152	896
153	564
154	417
154	198
154	463
154	2035
154	244
154	349
154	823
154	155
154	156
154	925
155	256
155	1153
155	588
155	205
155	782
155	1554
155	2262
155	156
155	1789
155	1541
156	1153
156	538
156	417
156	588
156	1520
156	1554
156	951
156	1948
156	1949
157	2628
157	2565
157	510
158	568
158	1552
158	867
158	836
158	781
159	894
159	341
159	535
159	728
159	1883
159	350
160	593
161	202
161	163
162	725
163	166
163	167
163	202
163	1483
163	1420
163	1538
163	212
164	896
164	1601
164	967
164	2155
164	2223
164	1714
164	277
164	598
164	1435
165	865
165	1468
165	1591
166	202
166	1483
166	212
166	167
167	1377
169	619
169	1883
169	228
170	1529
170	1950
171	1568
171	2177
171	898
171	1475
171	2052
171	1477
171	577
171	172
171	334
171	1597
171	1585
171	1294
171	1910
171	1495
171	411
171	2301
171	1278
172	2369
172	866
172	1475
172	869
172	264
172	2572
172	1294
172	591
172	1585
172	466
172	598
172	1592
172	2236
172	1597
172	1470
172	2687
173	2496
173	2275
173	1357
173	174
173	269
173	1905
173	2354
173	2389
173	2295
173	175
174	2496
174	193
174	514
174	1869
174	2604
174	2380
174	782
174	175
174	2544
174	1489
174	2291
174	1602
174	2197
174	2295
174	2196
174	506
174	1979
175	2496
175	193
175	782
175	2197
175	2380
175	1869
175	2544
175	514
175	564
175	2295
175	506
175	1979
175	2335
176	177
177	1028
178	1888
178	2209
178	1334
178	293
178	997
178	1324
178	847
178	1299
178	1430
178	1625
178	815
178	1343
179	1890
179	1462
180	833
180	181
180	1486
181	833
181	1530
182	1572
182	1530
182	1508
182	894
183	282
183	1548
185	2397
186	2260
186	728
186	190
187	1169
187	1954
187	519
188	660
189	2080
189	2084
189	2053
189	2054
189	2190
189	851
189	190
190	2053
190	277
190	1061
190	197
190	326
190	518
190	420
190	211
190	2260
190	601
190	358
190	2023
190	366
190	496
190	372
190	373
190	1275
191	646
191	840
191	1484
191	1682
191	567
191	568
191	569
192	1984
192	193
192	1898
192	2351
192	2576
192	2291
192	2292
192	2645
192	576
192	635
192	1884
192	797
193	576
193	514
193	267
193	2703
193	2576
193	404
193	2351
193	797
193	2221
193	2619
193	1488
193	1489
193	2645
193	1495
193	2021
193	1264
193	2291
193	2292
193	246
193	634
193	635
194	2657
194	419
194	2113
194	1514
194	237
194	238
194	336
194	660
194	1721
194	2260
194	507
195	196
195	1154
195	203
195	197
196	577
196	1154
196	2333
196	197
196	1153
196	2663
196	212
196	438
196	250
196	282
197	1153
197	1154
197	2062
197	1061
197	2113
197	326
197	212
197	601
197	1374
197	358
197	2023
197	2663
197	366
197	496
197	373
197	1912
197	1275
197	252
197	277
198	579
198	549
198	267
198	1488
198	244
199	930
199	461
199	463
199	405
199	505
199	255
200	523
200	201
200	2347
200	524
200	2129
200	1556
200	2293
200	1657
200	538
200	1789
201	338
201	595
201	599
201	1368
204	259
204	260
204	812
204	835
204	2517
204	280
205	1153
205	1154
205	1955
205	1542
205	390
205	256
205	366
205	1554
205	1950
206	577
206	411
207	1665
207	1817
207	1818
207	1819
207	2076
207	293
207	1705
207	2094
207	1840
207	1461
207	1595
207	1596
207	1860
207	208
207	209
207	1273
207	2011
207	540
207	1766
207	1521
207	1267
207	1270
207	1271
207	1272
207	2297
208	1521
208	209
208	1817
208	2297
208	1819
208	1596
209	1595
209	2087
209	2698
209	1521
209	515
209	2297
209	1819
210	1248
210	2020
210	239
210	240
210	402
211	1344
211	1985
211	420
211	215
211	743
211	2313
211	2218
211	747
211	2351
211	1240
211	1203
211	212
211	213
211	2390
211	887
211	2296
211	2457
211	2140
212	1153
212	1800
212	213
212	1420
212	1538
212	2074
212	2333
212	1578
212	578
212	597
212	1525
212	1493
213	2307
213	389
213	2313
213	2457
213	1946
213	283
213	2074
213	295
213	297
213	2351
213	1203
213	1985
213	2640
213	2390
213	215
213	474
213	860
213	743
213	887
213	2296
213	2303
214	2568
214	1292
214	284
214	414
214	2210
214	1315
214	2340
214	299
214	2229
214	438
214	825
214	445
214	446
214	447
214	2640
214	1873
214	2515
214	215
214	216
214	217
214	2529
214	2296
214	2557
215	1985
215	2390
215	1511
215	2568
215	2313
215	299
215	2351
215	2296
215	2457
215	216
215	217
215	414
215	2303
216	825
216	251
216	1061
216	2568
216	610
216	299
216	1484
216	1613
216	1038
216	414
216	2320
216	2257
216	1497
216	446
216	1911
216	217
216	639
216	445
216	447
217	1539
217	1292
217	2074
217	2075
217	284
217	282
217	2335
217	2340
217	299
217	2229
217	438
217	443
217	445
217	446
217	447
217	326
217	328
217	2515
217	2275
217	2661
217	1511
217	2029
217	2675
217	1911
217	2296
217	1145
217	959
217	2557
217	639
218	673
218	295
218	297
218	298
218	1287
218	589
218	1588
218	1173
218	1353
218	1172
218	1466
218	219
218	2591
219	673
219	291
219	295
219	297
219	298
219	1287
219	1549
219	1199
219	1859
219	1588
219	1173
219	1353
219	2346
219	1466
219	589
220	423
220	297
220	300
220	509
220	560
220	2102
220	1849
220	733
221	1350
221	464
221	693
221	695
221	222
221	223
222	353
222	1319
222	1320
222	1547
222	909
222	488
222	2035
222	538
222	223
223	353
223	487
223	1350
223	1319
223	1320
223	503
223	1547
223	909
223	488
223	2035
223	695
223	538
225	226
225	2299
225	2311
225	2089
225	2314
225	546
225	2191
225	1513
225	2229
225	1911
225	2031
225	2334
225	2687
227	523
227	228
227	229
227	821
227	619
228	229
229	1512
229	1532
229	1531
230	2329
230	1580
230	1493
231	1895
231	876
231	1918
231	2189
233	2045
234	1632
234	1986
234	291
234	1988
234	2598
234	2481
234	649
234	2065
234	2386
234	471
234	1624
237	2114
237	238
237	877
237	1712
237	758
237	2619
237	2109
238	528
238	877
239	2497
239	2275
239	2055
239	492
239	2205
239	240
239	1873
239	405
239	249
239	1369
239	2683
239	2237
239	414
240	2055
240	492
240	405
240	265
240	1369
240	249
240	2205
241	2401
241	775
241	776
241	2378
241	242
241	1946
241	860
241	794
241	1022
242	256
244	579
244	549
244	267
244	925
245	1508
245	267
245	246
245	1572
246	2021
246	267
246	404
246	634
247	263
247	2185
247	267
247	878
247	1264
247	1652
247	758
247	857
247	2619
247	1500
249	1199
249	2287
249	1894
249	518
249	2055
249	1965
249	2255
249	1457
249	405
249	2262
249	1572
249	721
249	2396
251	2320
251	1484
251	445
251	2332
252	2368
252	2352
252	2083
252	2053
252	2598
252	2442
252	2221
252	861
252	2335
252	370
252	467
252	2548
252	544
252	2297
252	2015
252	2204
252	2058
252	1374
253	1745
253	2546
253	1115
253	566
254	877
255	1706
255	492
255	1293
255	1296
255	498
255	1309
256	2628
256	1541
256	522
256	1554
257	258
258	834
258	777
258	1132
258	757
258	343
259	896
259	770
259	260
259	1174
259	1961
259	523
259	502
259	2340
259	1852
260	1564
260	2228
260	1852
261	419
261	369
261	1962
261	366
261	561
261	339
261	760
261	1721
261	1562
262	1249
262	1861
262	2017
262	2300
262	2023
262	1901
262	467
262	1533
262	370
262	2236
262	468
262	854
262	2204
262	285
262	1791
263	1500
263	411
264	2064
265	2276
265	875
265	2515
265	2703
266	2379
266	267
266	2703
266	659
266	415
267	385
267	578
267	2703
267	2706
267	404
267	1499
267	1572
267	2221
267	2233
267	2619
267	2109
267	576
267	450
267	2379
267	464
267	1489
267	597
267	1495
267	857
267	1488
267	1508
267	2021
267	493
267	1264
267	787
267	634
267	2645
268	577
268	2259
268	904
268	1884
268	395
268	2369
268	1263
268	360
268	297
268	1496
268	412
268	410
268	1886
269	1954
269	1891
269	2340
269	2309
269	2246
269	2275
269	1357
269	358
269	2353
269	2389
269	2295
269	2229
270	536
270	552
270	374
271	1561
272	960
272	1696
272	559
272	1078
272	1209
272	669
272	926
272	767
273	323
273	1125
273	2251
273	1292
273	1123
273	1027
273	984
273	1279
274	2490
275	450
275	515
275	324
275	426
275	749
275	365
275	1604
275	1098
275	414
276	1232
276	1662
276	1622
277	1425
277	1430
277	922
277	601
277	1061
277	1062
277	301
277	1455
277	458
277	326
277	1714
277	598
277	987
277	1120
277	1275
277	358
277	2023
277	618
277	2155
277	877
277	366
277	496
277	1009
277	373
277	1015
278	342
280	611
280	2052
280	812
280	716
280	2699
280	835
280	2517
280	1240
280	761
280	1244
280	2604
281	776
281	2449
282	577
282	1541
282	1800
282	1548
282	2090
282	438
282	2557
282	2085
283	1525
284	2558
284	1956
284	1846
284	2340
284	2312
284	1130
284	1767
284	1501
284	2229
284	1849
284	1754
284	380
284	285
284	286
284	1845
285	1517
285	2068
285	794
285	286
285	1574
285	2089
285	2224
285	2615
285	1849
285	1600
285	2625
285	2248
285	2249
285	2253
285	1368
285	2275
285	2282
285	1901
285	1533
285	1789
285	2047
286	2625
286	1891
286	326
286	327
286	1928
286	2249
286	2282
286	2254
286	2066
286	2260
286	2229
286	1454
286	2335
286	2047
287	288
287	289
287	414
287	1263
288	289
288	635
288	809
288	745
288	1932
288	1393
288	822
288	567
288	1370
288	671
289	291
289	1370
289	2203
290	1156
291	2496
291	1859
291	1416
291	1867
291	2253
291	1615
291	784
291	785
291	755
291	643
291	1552
291	2392
291	794
291	2492
291	2346
291	589
292	1665
292	1860
292	293
292	1031
292	1736
292	1302
292	1427
292	1362
292	1345
292	1517
292	880
292	1266
292	1267
292	1438
292	822
292	2169
292	1306
292	763
292	474
292	798
293	1665
293	1795
293	774
293	641
293	1290
293	654
293	1298
293	1299
293	1302
293	666
293	2587
293	668
293	1181
293	1438
293	672
293	2209
293	1868
293	1705
293	1324
293	306
293	948
293	2357
293	1334
293	568
293	692
293	1619
293	650
293	1461
293	1345
293	1346
293	1332
293	1736
293	1737
293	1738
293	1740
293	416
293	313
293	2137
293	474
293	847
293	1254
293	1385
293	2076
293	1266
293	1267
293	2166
293	631
293	763
293	1407
294	994
294	451
294	840
294	2162
294	852
294	1781
294	596
294	826
294	831
295	2306
295	1287
295	2697
295	1549
295	782
295	785
295	787
295	1173
295	794
295	2335
295	1571
295	2340
295	1575
295	1576
295	297
295	2346
295	1709
295	1454
295	1203
295	1973
295	2360
295	2105
295	671
295	1538
295	2229
295	1498
295	1353
295	1868
295	1486
295	1754
295	1517
295	1263
295	1906
295	1577
295	2042
295	380
295	1450
297	1408
297	1287
297	2697
297	1549
297	782
297	1709
297	2192
297	785
297	791
297	794
297	1498
297	1571
297	1932
297	1203
297	2229
297	822
297	841
297	2360
297	2105
297	1973
297	2102
297	1353
297	1868
297	2253
297	1486
297	1639
297	2024
297	1575
297	1263
297	1906
297	380
297	2346
298	515
298	516
298	328
298	379
298	570
299	2340
299	2661
299	1511
299	338
299	2515
299	2229
299	2296
299	2074
299	2557
300	523
300	464
300	419
300	2053
300	902
300	577
300	2376
300	619
300	364
300	461
300	360
300	598
300	884
300	342
300	857
300	505
300	733
300	1541
301	618
301	806
302	2690
302	419
302	2022
302	458
302	366
302	592
302	505
303	913
304	305
304	660
304	513
304	753
305	585
305	1394
305	660
305	886
305	1724
306	641
306	1604
306	1318
306	2055
306	1031
306	1005
306	847
306	1712
306	787
306	761
306	2619
306	1726
307	2690
307	308
309	2304
309	513
309	674
309	2571
309	1894
309	2355
309	2442
309	876
309	1584
309	883
309	2495
309	2491
309	1852
309	1023
310	1690
310	1691
310	1654
310	1638
310	311
311	1654
311	832
311	1691
311	1638
312	1632
312	1668
312	1669
312	534
312	1111
312	1181
313	775
313	649
313	1559
313	2357
313	1517
313	913
313	2194
313	1623
313	917
313	1174
313	2071
313	796
313	414
313	2437
313	675
313	1574
313	540
313	1454
313	776
313	437
313	827
313	2238
313	1973
313	1249
313	1734
313	455
313	454
313	332
313	1616
313	2257
313	1362
313	724
313	1621
313	2647
313	1241
313	858
313	2651
313	1175
313	1430
313	2256
313	994
313	740
313	742
313	2280
313	2666
313	1643
313	493
313	1266
313	1267
313	756
313	764
313	511
314	1670
317	436
318	679
320	323
320	329
320	437
320	560
320	978
320	917
320	1422
320	383
321	1187
321	1188
321	1222
321	1905
321	1003
321	945
321	914
321	990
321	991
322	362
323	1824
323	2562
323	389
323	329
323	332
323	560
323	562
323	563
323	1333
323	1292
324	1985
324	2292
324	1399
325	1796
326	389
326	891
326	2574
326	527
326	2322
326	601
326	1061
326	947
326	2233
326	2112
326	327
326	2640
326	2260
326	2646
326	1495
326	728
326	2015
326	2275
326	2532
326	358
326	2023
326	366
326	495
326	496
326	373
326	2297
326	1275
326	382
327	2275
327	2436
327	389
327	2574
327	947
327	2646
327	382
328	515
328	1769
328	433
328	1155
328	1145
328	1046
328	1161
328	1162
328	1918
329	1126
329	437
329	2442
329	434
329	1422
329	560
329	978
329	917
329	443
329	383
330	2618
330	419
330	1666
331	2049
331	1155
331	1162
331	2103
331	2252
331	430
331	2147
331	1780
331	1238
331	1335
331	440
331	2458
331	394
332	389
332	1770
332	913
333	1376
333	1448
333	2439
333	1256
333	1447
333	1772
333	1192
333	1272
334	1597
335	1862
336	384
336	450
336	402
336	933
336	937
336	938
336	1071
336	948
336	1098
336	461
336	1237
336	473
336	1634
336	1894
336	366
336	496
336	507
336	1148
337	419
337	461
337	1139
337	920
337	473
337	699
338	1667
338	2661
338	1967
338	1368
338	2515
338	437
338	920
338	2620
338	351
339	1508
339	561
339	1842
339	2040
339	1949
341	930
341	359
341	650
341	721
341	725
341	728
342	464
342	419
342	598
342	2376
342	364
342	619
342	2029
342	461
342	857
342	505
343	866
343	757
344	1730
344	1712
344	1874
344	1656
344	345
344	1948
345	1712
345	1730
345	1405
346	1953
347	1648
347	1649
347	2243
347	2111
348	1648
348	1649
348	2111
348	1657
349	1506
349	907
349	773
349	823
350	1504
350	868
350	1733
350	492
350	460
350	461
350	882
350	600
350	728
350	894
351	352
351	353
351	354
351	587
351	1350
351	1319
351	1320
351	1098
351	939
351	364
351	1653
351	374
351	1930
352	1249
352	354
352	424
352	489
352	909
352	910
352	821
353	961
353	546
353	2293
353	1350
353	1319
353	1064
353	1547
353	1069
353	1320
353	2035
353	1653
353	823
353	537
353	538
353	2129
354	481
354	1090
354	483
354	933
354	473
354	482
354	915
354	1049
354	374
354	1079
354	921
355	370
355	2570
357	1457
357	358
358	2689
358	496
358	1061
358	1457
358	2236
358	373
358	544
358	366
358	2083
358	601
358	2526
358	1073
358	2023
358	2030
358	2031
358	2032
358	2033
358	1275
359	1572
360	577
360	1122
360	2053
360	902
360	1511
360	1002
360	523
360	2028
360	2018
360	1680
360	2353
360	2258
360	691
360	759
360	408
360	411
360	1541
361	839
362	1249
362	1475
362	489
362	653
362	461
362	496
362	598
362	493
362	2109
363	2348
364	1026
364	598
364	898
364	783
364	1689
364	419
364	2376
364	461
364	464
364	857
364	1381
364	2025
364	2026
364	619
364	505
366	384
366	520
366	2690
366	402
366	1562
366	1061
366	601
366	390
366	592
366	1634
366	1894
366	2023
366	1542
366	496
366	373
366	1275
367	550
367	368
367	2424
367	1816
367	2041
367	2042
368	1816
368	2480
368	1895
368	550
369	728
369	1957
370	2442
370	2204
370	2083
370	1457
370	2570
370	2246
370	2273
370	2126
370	467
370	468
370	854
370	861
370	2015
370	2016
370	2017
370	2018
370	486
370	2023
370	2300
370	2669
370	2545
370	2058
370	1791
372	418
372	796
373	1061
373	2242
373	601
373	2023
373	496
373	1275
374	1098
375	2241
376	1069
377	1004
377	1584
377	2641
377	1528
377	1562
377	2299
378	1926
378	2409
378	722
378	1174
378	2203
379	570
379	2062
380	513
380	2697
380	1709
380	2066
380	1559
380	1944
380	794
380	2340
380	1325
380	1454
380	2229
380	1464
380	1981
380	1973
380	2253
380	721
380	1498
380	1501
380	1119
380	1894
380	1575
380	1426
380	1265
381	1491
381	1885
381	518
382	389
382	2574
382	947
382	728
382	2015
383	1126
383	815
383	434
383	443
384	2400
384	496
384	1634
384	1894
384	1287
384	2248
384	2480
384	2353
384	402
384	2068
384	2350
384	1846
384	2526
384	2293
385	1539
385	519
385	1545
385	2443
385	2266
385	1954
385	2339
385	2340
385	2350
385	1071
385	2226
385	2233
385	2109
385	2010
385	1499
385	1893
385	2279
385	2282
385	493
385	494
385	2287
385	496
385	2164
385	2039
385	2042
386	992
386	612
386	1095
386	616
386	617
386	1454
386	529
386	984
387	393
387	388
387	429
387	863
388	2310
388	1160
388	429
388	430
388	1155
389	512
389	2434
389	1543
389	514
389	1166
389	2320
389	920
389	2074
389	2587
389	1446
389	2348
389	1458
389	2351
389	2610
389	947
389	2231
389	1595
389	450
389	2116
389	1484
389	842
389	2640
389	2385
389	851
389	2011
389	1346
389	1904
389	1523
389	1524
389	2165
389	887
389	2047
390	1542
390	391
390	1876
391	1542
391	659
392	1900
392	1126
393	1664
393	1099
393	1228
393	563
393	1620
393	630
393	1692
394	1089
394	1193
394	2611
394	1238
394	440
394	1214
394	1247
396	2405
397	978
398	573
398	572
398	661
398	399
399	572
399	661
399	573
400	2720
400	1743
400	1776
400	818
400	2100
400	1983
400	1756
400	2719
401	995
401	1286
401	1831
401	1453
401	948
401	823
402	1665
402	1026
402	1290
402	908
402	1302
402	1318
402	1324
402	952
402	1737
402	1866
402	1099
402	1740
402	1997
402	859
402	1634
402	2020
402	1894
402	496
402	885
404	1252
404	2021
404	1254
404	634
405	1309
405	542
405	938
405	1457
405	1970
405	714
405	1231
405	1369
405	487
405	488
405	490
405	492
405	624
405	498
405	2035
405	504
405	505
406	1865
406	1459
406	2572
406	1869
408	800
408	2114
408	567
408	1240
408	761
408	1435
409	938
409	1922
409	2023
410	1958
410	2248
410	2089
410	2090
410	2130
410	2687
411	577
411	1762
411	1680
411	2258
412	1884
412	811
412	1886
413	1315
413	2491
414	1540
414	2437
414	775
414	2568
414	2023
414	2135
414	1292
414	450
414	776
414	1517
414	2712
414	660
414	917
414	1174
414	2071
414	792
414	1178
414	1051
414	2588
414	858
414	2210
414	675
414	454
414	1190
414	1574
414	560
414	1969
414	1587
414	437
414	2358
414	567
414	443
414	1852
414	1213
414	2494
414	2357
414	1734
414	455
414	1315
414	1591
414	2640
414	1873
414	978
414	2515
414	1179
414	1877
414	1241
414	1242
414	2651
414	2270
414	1317
414	887
414	2529
414	2402
414	1269
414	1509
414	1254
414	871
414	2666
414	1525
414	1618
414	1342
414	2238
414	759
414	2683
416	1384
416	2108
416	876
416	2076
417	1554
418	698
419	535
419	1962
419	1455
419	699
419	2376
419	461
419	464
419	857
419	598
419	489
419	619
419	505
420	2053
420	1318
420	1121
420	1838
420	847
420	689
420	2190
421	2001
422	1008
422	2034
423	2535
423	2312
423	2358
423	567
423	1849
423	1754
424	488
424	909
424	1968
424	946
424	2014
424	919
424	954
425	2356
425	2557
425	806
426	1442
426	1603
426	1604
426	1098
426	525
426	1071
426	1072
426	515
426	1330
426	2614
427	583
427	1704
427	1162
427	1691
427	2333
427	2174
428	1116
428	839
428	1988
428	750
428	1129
429	430
430	2049
430	1155
430	1335
431	1337
431	988
431	1462
431	559
432	1400
433	515
433	1895
433	2243
433	1918
433	2103
433	1338
433	2174
433	2527
434	1126
434	871
434	435
434	436
434	1626
434	443
434	2557
435	436
436	1462
437	1540
437	775
437	776
437	1422
437	917
437	1174
437	792
437	675
437	454
437	1574
437	1450
437	2351
437	822
437	443
437	1852
437	1213
437	1342
437	1985
437	1859
437	2358
437	710
437	455
437	716
437	1877
437	1241
437	1891
437	2661
437	1126
437	871
437	444
437	978
437	756
438	2557
439	978
439	726
440	2274
440	2147
440	1700
440	1238
440	1193
440	1780
440	1462
440	441
440	1214
441	1698
441	1383
442	2529
442	1059
442	1990
442	1831
442	871
442	1341
442	1298
442	2388
442	1978
442	1755
442	444
442	443
442	703
443	1126
443	871
443	1298
443	976
443	467
443	917
443	2203
443	444
443	2557
444	1921
444	515
444	710
444	976
444	1341
444	1470
444	703
445	639
445	1484
445	1613
445	2320
445	825
445	446
445	447
446	1613
446	447
446	639
447	2319
447	2064
447	1557
447	2610
447	2229
447	2103
447	2489
447	2234
447	711
447	2260
447	2529
447	1514
447	2548
447	1908
447	2047
448	449
448	450
448	1807
448	1264
448	756
448	1017
449	450
449	803
449	1924
449	556
449	557
449	1807
449	1017
450	1346
450	1334
450	556
450	1264
450	557
450	626
450	948
450	1398
450	852
450	2137
450	2619
451	1673
451	786
452	1698
452	1035
452	812
452	1115
452	453
453	1698
453	1035
453	812
453	1115
454	515
454	2194
454	1174
454	1832
454	2351
454	1973
454	2358
454	455
454	841
454	716
454	2637
454	724
454	730
454	1891
454	2661
454	2666
454	1395
454	634
455	1921
455	515
455	1174
455	1287
455	2193
455	1430
455	1832
455	1961
455	2351
455	2357
455	2358
455	841
455	1973
455	566
455	716
455	2637
455	470
455	1891
455	2661
455	2666
455	764
455	511
456	1958
457	2035
457	491
458	2022
458	1062
458	1009
458	2155
458	877
458	1455
458	1425
458	1430
458	505
458	689
458	922
458	987
459	1952
459	2022
459	1190
459	1288
459	1098
459	503
459	460
459	461
459	911
459	532
459	1909
459	505
459	1305
459	1083
459	1525
460	1952
460	1733
460	492
460	461
460	503
460	505
461	598
461	1288
461	492
461	653
461	1042
461	1952
461	1697
461	711
461	478
461	699
461	833
461	1475
461	1733
461	2376
461	718
461	463
461	857
461	1249
461	489
461	495
461	464
461	503
461	505
461	893
462	992
462	1905
462	922
462	1062
463	930
463	491
463	1733
463	487
463	492
463	1231
463	497
463	1042
463	2035
463	505
463	1371
463	1693
464	598
464	1939
464	2376
464	857
464	479
464	865
464	619
464	2035
464	505
464	765
466	652
466	804
466	679
466	2572
466	1294
466	1597
467	2442
467	2571
467	2204
467	544
467	674
467	2083
467	2221
467	1457
467	2058
467	2368
467	2246
467	2260
467	861
467	2015
467	2273
467	486
467	2669
467	2545
468	866
468	2023
468	854
468	2300
468	1791
469	1600
469	634
469	1483
469	2660
469	470
470	1600
470	1483
470	2660
471	2598
471	2481
471	649
471	2065
471	2199
471	2287
471	1564
472	725
472	870
473	481
473	1090
473	933
473	938
473	1068
473	1139
473	482
473	921
473	479
473	478
473	1029
474	1665
474	649
474	652
474	796
474	674
474	1571
474	1734
474	2351
474	820
474	2622
474	1859
474	836
474	966
474	1991
474	869
474	2024
474	2162
474	1395
475	477
476	961
476	482
476	483
476	1093
476	552
476	983
476	975
476	709
476	980
476	918
476	951
476	1291
476	1044
476	1211
476	926
476	1125
477	1277
477	830
477	679
478	1153
478	482
478	933
478	998
478	481
478	712
478	711
478	1068
478	718
478	495
478	1748
478	719
478	479
479	481
479	482
479	483
479	933
479	619
479	1068
479	653
479	765
479	1332
479	598
479	951
479	1309
479	1726
479	1189
480	1490
480	549
481	1090
481	483
481	933
481	1068
481	482
481	1539
481	1332
482	483
482	708
482	933
482	556
482	490
482	1068
482	500
482	1309
482	709
482	1076
482	1049
482	714
482	1246
483	1090
483	1068
483	910
483	909
483	926
484	2129
486	2273
486	2246
486	2545
486	2058
486	2669
486	1457
487	744
487	1189
487	492
487	909
487	624
487	488
487	1042
487	2035
487	1204
487	503
487	504
487	1231
487	1970
488	909
488	910
488	1042
488	2035
488	1204
488	503
488	504
488	505
488	1970
489	1153
489	653
489	2321
489	535
489	538
489	1455
489	1475
489	1231
489	2129
489	598
489	1501
489	1249
489	2024
489	1645
489	893
490	714
490	624
491	1733
491	938
491	492
491	1231
491	497
491	2035
491	504
491	505
491	1371
491	1183
492	1042
492	1371
492	624
492	1733
492	545
492	1231
492	728
492	1369
492	497
492	498
492	505
493	1426
493	660
493	1430
493	2287
493	1071
493	2233
493	2109
493	2256
493	724
493	1499
493	1249
493	494
493	495
493	496
494	1893
494	743
494	2287
494	1071
494	496
494	2164
494	1325
494	2266
494	495
495	998
495	711
495	936
495	1185
495	1071
495	496
495	1075
495	2164
495	718
495	726
495	527
496	1539
496	517
496	2287
496	1061
496	936
496	1325
496	1071
496	1894
496	851
496	601
496	2266
496	1634
496	1893
496	2023
496	2027
496	743
496	1170
496	2164
496	547
496	1275
497	1733
497	1288
497	1231
497	505
497	1371
497	1468
497	1309
498	505
498	1949
499	1837
500	1231
500	1148
501	1377
501	1529
502	896
502	770
502	646
502	1961
502	1099
502	881
502	1557
502	1500
502	586
503	1952
503	1296
503	505
504	938
504	1970
505	598
505	1296
505	1952
505	542
505	1733
505	2376
505	857
505	1371
505	865
505	2022
505	1231
505	624
506	2496
506	1602
506	2083
506	1799
506	1420
506	587
506	2604
506	1869
506	1489
506	2291
506	2196
506	2197
506	822
506	2236
507	2657
507	2379
507	2260
508	2282
509	560
510	1162
510	2078
510	1338
510	1243
510	1342
511	2193
511	1748
511	1973
511	1430
511	827
512	945
512	514
512	1097
513	2340
513	1325
513	2066
513	2229
513	1559
513	2335
514	2434
514	2304
514	1978
515	1287
515	2317
515	2063
515	2087
515	557
515	1973
515	952
515	1338
515	2238
515	1604
515	841
515	1098
515	729
515	730
515	2020
515	2686
516	1366
517	518
517	519
517	520
517	2057
517	2027
518	519
518	520
518	2185
518	523
518	524
518	2086
518	1965
518	2352
518	1491
518	1883
518	2282
518	2287
518	883
518	758
519	1894
519	520
519	2057
519	523
519	1519
519	2521
519	2042
519	1562
521	2269
521	2143
522	1418
522	1520
522	1077
522	1175
523	2053
523	2311
523	524
523	1559
523	1541
523	902
523	1731
523	599
523	2029
523	2159
523	884
523	1789
524	1556
524	599
524	1657
525	643
525	1484
525	1442
525	2614
526	1913
528	1039
528	1018
528	1684
528	1085
528	1663
529	992
529	705
529	612
529	1207
529	1111
529	984
529	1113
530	709
530	1030
530	1927
530	1128
530	1070
530	921
530	1018
530	988
530	1021
532	911
532	1190
532	975
532	918
532	1305
532	1083
534	1720
534	1026
534	803
534	1015
535	2376
535	1231
536	1106
536	1215
537	695
537	1176
537	538
538	1547
538	1955
538	1319
538	1320
538	954
538	1653
538	1104
538	1105
538	595
538	2396
538	2129
538	1132
538	1520
538	2293
538	2039
539	738
539	2243
539	1063
539	974
539	1039
539	1076
539	2331
539	1211
539	1212
540	1540
540	2194
540	1174
540	794
540	1563
540	2076
540	541
540	1570
540	1574
540	1577
540	2351
540	1588
540	1461
540	1596
540	831
540	2370
540	2630
540	1868
540	1241
540	2270
540	2281
540	634
541	2370
541	1420
541	1454
541	1106
541	2334
542	624
542	1231
542	1865
543	1722
544	2548
544	2204
544	2015
545	992
545	548
545	970
545	720
545	918
545	984
545	1147
546	1955
546	2039
546	2191
546	1073
546	2068
546	1173
546	1175
546	2042
546	1789
547	2279
547	2034
547	2396
548	1147
548	964
550	1895
550	1559
550	1454
550	2039
550	1816
550	2174
551	1186
551	1710
552	736
552	961
552	918
552	1064
552	975
552	1044
552	1686
552	951
552	1211
552	1125
552	1093
553	1152
553	1090
553	1190
553	625
553	968
553	1129
553	970
553	872
553	1079
553	1080
553	921
554	1546
554	1547
554	2128
554	595
554	1556
555	1127
556	901
556	1574
556	1607
556	1286
556	557
556	1805
556	1808
556	948
556	560
556	852
556	826
557	901
557	1574
557	1805
557	1808
557	948
557	1181
559	960
560	1024
560	1664
560	775
560	776
560	1452
560	1347
560	1427
560	660
560	1178
560	1179
560	2588
560	1190
560	1287
560	1328
560	948
560	2256
560	1618
560	2259
560	1241
560	859
560	2402
560	2173
562	2439
562	563
562	2003
562	953
563	1664
563	1160
563	1162
563	1099
563	1379
563	1163
563	1620
563	1692
564	1600
564	2340
564	1542
564	1559
564	2295
564	1454
564	2418
564	1849
564	2335
566	1961
566	643
566	1973
567	646
567	651
567	1298
567	791
567	793
567	800
567	673
567	809
567	815
567	568
567	569
567	2237
567	703
567	836
567	715
567	1359
567	2642
567	2135
567	635
567	1767
567	2025
567	2026
567	2166
567	759
567	631
568	2215
568	1975
568	1230
568	756
568	1174
568	569
569	1975
569	1174
570	1443
570	1988
570	2310
570	2652
570	1201
570	1173
570	1431
570	2684
570	1437
570	2430
571	1758
572	1748
572	1365
572	2327
572	573
573	1748
573	1365
574	1312
574	1370
574	1222
574	1239
576	2221
576	1264
576	1489
576	2292
576	2576
576	1495
576	2619
577	1541
577	902
578	952
578	597
580	2116
580	614
580	1030
580	1097
580	1136
580	691
580	824
580	1053
580	1157
581	713
581	2162
582	1843
582	1035
582	2097
583	584
583	1691
583	1647
585	886
587	1799
587	939
588	2032
588	2262
588	2279
589	756
589	755
590	2348
591	1874
591	1475
594	646
594	940
594	1421
594	880
594	1395
594	885
594	1240
595	1320
595	1319
595	2128
595	1556
596	840
596	1240
596	826
597	1483
597	1587
597	857
598	619
598	2572
598	653
598	2327
598	796
598	1714
598	1597
598	1475
598	2376
598	725
598	857
598	1249
598	2155
599	756
600	1580
600	2700
600	1647
600	721
600	602
600	1500
601	2463
601	1061
601	2099
601	2023
601	1275
603	1006
603	1079
603	1080
603	985
603	988
603	1151
605	1482
606	2514
607	1113
607	927
607	1053
607	1446
608	2200
608	609
608	643
608	2550
609	2658
609	643
609	2629
609	1991
609	1001
609	816
609	2550
609	1059
609	822
609	664
609	2428
610	1098
610	1798
610	1982
611	1244
612	984
612	992
614	1280
614	1217
614	615
614	1098
614	942
614	946
614	951
614	824
614	1113
614	1053
614	1023
615	1098
615	1037
615	1103
615	2705
615	946
616	617
616	916
616	705
617	916
619	1249
619	2376
619	653
619	758
619	821
619	796
620	1228
621	1165
621	1127
622	970
622	955
622	1134
622	934
623	1848
623	1178
623	1108
623	1037
624	1733
624	714
624	938
624	939
624	1231
624	1042
624	1204
624	879
624	1189
625	968
626	961
626	770
626	1264
626	801
626	812
626	802
626	1040
627	628
630	641
630	1675
630	1671
631	756
631	1795
631	806
631	839
631	1385
631	1386
631	1484
631	855
631	1324
631	948
631	1685
631	854
631	841
631	761
631	1258
631	867
631	1181
632	2056
632	1812
632	662
632	1215
633	1729
634	2021
635	803
635	1252
635	864
635	744
635	812
635	779
635	1075
635	636
635	702
636	803
636	1252
636	678
636	774
636	778
636	2222
636	1682
636	1806
636	761
636	830
637	1555
637	1091
637	2332
637	1014
637	2583
639	1613
639	1488
639	766
639	825
640	1387
641	1712
641	1121
642	1665
642	1356
642	1290
642	1740
642	1619
642	819
642	756
642	2298
642	2203
642	829
642	1866
643	770
643	2184
643	783
643	787
643	2200
643	670
643	935
643	815
643	948
643	1438
643	692
643	830
643	1334
643	2642
643	1639
643	743
643	1392
643	885
643	2550
643	1403
643	2559
644	824
644	2499
644	716
644	2198
644	1822
646	1665
646	1026
646	1795
646	1571
646	1736
646	1099
646	1058
646	880
646	817
646	1667
646	661
646	1240
646	867
646	766
647	2049
647	1858
647	2147
647	1735
647	1769
647	2317
647	1659
647	2160
647	1041
647	1045
647	1046
647	1183
649	1444
649	2598
649	2199
649	2065
650	1409
650	930
650	679
650	2152
650	652
650	1261
650	869
650	866
650	725
651	1347
651	806
651	1353
651	1421
651	2192
651	1810
651	827
652	866
652	1571
652	679
652	1506
653	1249
653	1475
653	796
653	725
654	1641
654	1514
654	2381
654	2384
654	1916
654	2058
655	2136
655	1806
656	746
657	1026
657	868
657	1866
657	2701
658	2256
658	1352
658	674
658	1621
658	2304
660	801
660	1026
660	997
660	1133
660	847
660	1364
660	766
660	791
660	1721
660	826
661	706
661	1714
661	758
662	2056
663	1171
663	763
664	2658
664	1059
664	1001
664	816
664	1875
664	822
665	1855
665	707
665	2150
665	2151
665	827
665	787
665	735
665	830
665	959
666	867
666	715
666	1644
666	1261
666	692
666	1110
666	2327
667	674
667	1347
667	1348
667	810
667	779
667	2679
667	1048
667	668
667	798
668	1665
668	1346
668	1795
668	1740
668	2470
668	1831
668	1324
668	908
668	1841
668	1619
668	1683
668	948
668	1334
668	2137
668	863
669	1696
669	1594
669	960
670	1123
670	908
670	948
670	1559
670	1240
670	1812
670	1787
670	830
670	1215
671	1738
671	1739
671	844
671	1306
672	1024
672	1665
672	1540
672	1221
672	710
672	1480
672	780
672	1552
672	2355
672	820
672	789
672	761
672	1407
673	1172
674	2304
674	836
674	1352
674	2355
674	2571
674	1327
674	2256
674	2545
674	1023
675	768
675	778
675	2448
675	1174
675	1175
675	1241
675	1307
675	1311
675	2238
675	724
675	1880
675	2009
675	994
675	742
675	1643
675	1391
676	1450
676	1859
677	1744
677	2115
677	863
678	1313
678	859
678	1302
678	742
678	1665
678	1384
678	1737
678	1356
678	917
678	1334
678	1385
678	1435
679	1506
679	786
679	787
679	830
680	2152
680	1356
681	2681
681	2580
681	717
683	1568
683	685
684	1233
684	1690
684	1434
685	1568
686	687
688	1155
688	765
689	1728
689	1954
689	1594
690	709
690	1138
690	983
691	1136
691	1002
691	1138
692	1403
692	2109
692	1499
692	2559
693	695
693	694
694	695
694	1381
695	1176
697	1993
697	1994
697	2425
697	810
698	805
698	2134
699	1184
699	2562
699	1099
699	1218
699	1067
699	1100
699	2259
699	1112
700	701
701	905
701	962
701	925
701	870
702	1075
703	2203
703	1990
703	1256
703	2155
703	2388
703	1755
703	1341
704	705
704	962
704	1139
705	962
705	1224
705	1762
705	1139
705	1015
706	826
706	756
706	707
707	1411
707	2505
707	1324
707	1935
707	1202
707	948
707	1334
707	1048
707	799
708	1138
708	1086
708	1039
709	1382
709	1137
709	1032
709	1067
709	1101
709	1777
709	1138
709	980
709	949
709	983
709	856
709	1128
709	956
709	1246
710	2599
710	1736
710	1363
710	1328
710	1427
710	759
710	2009
710	1631
711	998
711	712
711	718
711	2319
711	1748
711	1908
711	719
712	878
712	1500
712	1093
713	2337
713	1252
713	807
713	748
713	1444
713	1326
713	1327
713	1978
714	1733
714	1076
715	1384
715	1644
715	2166
715	793
715	859
716	1891
716	2358
716	2055
716	2351
716	830
716	824
716	835
716	1588
716	1174
716	2199
716	1822
716	2661
718	1189
718	719
719	1283
719	1158
719	744
719	1260
719	2141
719	1202
719	948
719	888
719	1181
719	1022
720	992
720	1125
720	972
720	918
720	919
720	924
721	2055
721	2700
721	2610
721	883
721	1339
722	2402
722	1190
722	1585
722	1525
722	898
722	750
722	783
722	1587
722	1618
722	1851
722	1809
722	1087
723	2340
723	2277
723	1227
723	1456
723	2228
723	2229
724	1973
724	1623
725	796
726	2500
726	727
726	2416
726	914
726	949
727	949
728	894
728	1962
729	1921
729	2020
729	2158
729	2063
729	849
729	730
730	1059
730	1314
730	2063
730	849
730	850
730	1987
730	731
730	2238
730	895
731	849
733	1606
733	745
734	1144
735	867
735	739
735	2709
735	2382
736	962
736	1191
738	2331
739	2382
740	2437
740	1734
740	1902
740	1430
740	2647
741	1032
741	769
742	994
742	931
742	2437
742	1256
742	1997
742	1486
742	1685
742	1174
742	1175
743	2560
743	898
743	1416
743	2313
743	778
743	1809
743	1946
743	1574
743	1450
743	2351
743	1203
743	2235
743	1609
743	1356
743	2266
743	1629
743	2153
743	887
744	995
744	1158
744	1202
744	1283
744	948
744	859
747	1048
747	1370
747	2218
748	822
749	2097
749	1604
749	2527
750	1988
750	2320
750	1116
751	2195
754	2552
754	2325
755	1635
755	2156
755	757
756	777
756	1421
756	1174
756	1308
756	1188
756	967
756	812
756	1332
756	1719
756	831
756	2115
756	2247
756	1356
756	1496
756	1275
757	777
757	834
758	2336
758	1249
758	2086
758	2185
758	2282
758	2352
758	883
758	2619
758	2109
759	866
759	1990
759	2135
759	1813
759	761
760	1083
761	1318
761	2055
761	2604
761	817
761	789
761	855
761	1240
762	1369
762	996
763	1665
763	1795
763	880
763	2169
763	828
763	1407
764	994
764	1734
764	2666
764	1616
764	2357
764	2647
765	930
765	865
765	2689
765	2031
765	2032
765	2033
765	1107
765	1912
765	2191
765	1660
765	2526
766	1444
766	774
766	1683
766	827
766	830
767	960
767	1191
768	778
768	1391
768	1307
768	1290
768	798
768	1631
769	1129
769	2589
769	1405
770	896
770	1878
770	1000
770	1946
770	1500
771	806
771	1517
771	1328
771	1427
771	1460
771	1854
774	2599
774	1384
774	2667
774	2222
774	2448
774	2578
774	2009
774	1311
775	1872
775	1863
775	776
775	1867
775	2285
775	1613
775	1588
775	1174
775	2071
775	792
775	827
776	1872
776	1867
776	1863
776	2285
776	1613
776	1395
776	1588
776	1174
776	2071
776	792
776	827
777	832
777	834
777	1179
777	1181
778	1391
778	2451
778	1880
778	1307
779	864
779	826
779	798
780	784
780	1571
780	1540
780	1574
780	1831
780	1480
780	1517
780	1871
780	1552
780	1576
780	2355
780	820
780	794
780	1435
780	817
780	881
782	1353
782	1789
783	898
783	1540
783	2184
783	1577
783	1026
783	1517
783	1576
783	792
783	795
783	1629
784	1552
784	1517
784	1574
785	1505
785	1574
785	1868
785	2351
785	1298
785	794
785	1915
785	797
785	1631
786	805
786	935
786	907
786	1550
786	787
786	2294
787	2619
787	1575
787	907
787	1264
787	839
788	1665
788	1991
788	1324
788	1290
788	1740
788	2222
788	1619
788	948
788	885
788	1866
788	798
790	1275
791	1389
791	1392
791	1240
791	1982
792	1391
792	1683
792	1141
792	827
793	815
793	1359
793	2166
793	859
794	1920
794	1540
794	2697
794	1552
794	2194
794	2068
794	798
794	1574
794	1576
794	1577
794	1973
794	2360
794	825
794	1856
794	1298
794	1868
794	2253
794	1486
794	1571
794	2105
794	1498
794	1631
794	1575
794	1517
794	1906
794	1789
796	1574
796	1550
796	1517
796	1973
797	2351
797	2292
797	1174
798	1665
798	1411
798	1924
798	1290
798	807
798	815
798	2236
798	1856
798	1345
798	1602
798	836
798	1740
798	847
798	855
798	1240
798	859
798	885
798	2169
799	1831
799	807
799	1367
799	1048
800	1540
800	1577
800	2295
800	1484
800	1298
801	802
801	854
801	2506
801	1324
801	814
801	1853
801	2066
801	1486
801	1174
801	1258
802	854
802	2506
802	2066
802	814
802	1486
802	1174
802	1258
803	1252
803	1190
804	1268
805	1971
806	1587
806	1108
806	1240
806	1460
806	1370
806	1854
807	1031
807	1026
807	1048
807	1311
808	1864
808	1793
809	1393
810	836
810	812
810	1385
810	1994
810	908
812	835
812	836
812	1240
813	2555
813	2460
813	1117
813	1645
814	2506
814	2066
814	1174
815	2466
815	997
815	839
815	1256
815	2503
815	2318
815	847
815	852
815	1332
815	1305
816	2658
816	1059
816	1001
816	1932
816	1517
816	822
816	1193
817	881
818	1644
818	2403
818	1411
819	1121
819	1059
819	2404
819	822
819	1349
819	1361
819	1356
819	1313
819	1903
819	1009
819	1430
819	824
819	1158
819	1011
820	2307
820	1540
820	2635
820	1454
820	1552
820	2355
820	854
822	1985
822	1290
822	1932
822	2451
822	1059
822	1574
822	2102
822	961
822	1737
822	1877
822	1665
822	2141
822	2658
822	1001
822	2550
822	1193
823	1453
823	912
823	925
824	1088
824	2211
824	2404
824	1158
824	1329
824	2601
824	2508
824	1469
824	1425
824	1397
824	1053
824	1822
824	1301
825	1574
825	1868
825	2194
826	994
826	1607
826	840
826	1644
826	1781
826	830
827	1347
827	1421
827	1872
827	1863
827	1174
827	2071
828	1348
828	1347
828	2580
828	2559
829	1190
830	1121
830	2404
830	1354
830	2514
830	1631
831	1571
831	1540
831	1574
831	1577
831	1517
831	2351
831	2194
831	1588
831	1174
831	1563
835	1318
835	2517
836	1403
837	1193
837	1146
837	1243
837	838
839	1668
839	1669
839	1431
839	1976
839	2558
840	994
840	1796
840	1805
840	1781
841	1287
841	1973
842	2640
842	1458
842	1459
843	1719
844	2357
845	1253
845	1101
845	1103
845	1424
845	1846
845	1180
845	1245
846	2304
846	1799
846	1869
846	847
846	1367
846	2491
846	1342
847	2304
847	1121
847	2055
847	904
847	2209
847	2570
847	2256
847	1367
847	2276
847	2491
848	1719
849	850
850	1987
850	2289
850	1979
850	895
851	2275
851	1339
851	2287
851	1533
851	1904
851	2418
851	2227
851	2519
851	1275
851	2053
851	1150
851	2335
852	1665
852	1385
852	2162
852	1427
852	1403
853	2400
853	854
854	2400
854	1665
854	2023
854	1517
854	1345
854	2287
854	1680
854	948
854	1946
854	2300
854	1791
855	1505
855	1506
855	1318
855	2381
855	1613
855	2384
855	1619
855	1240
855	1402
857	1264
857	1508
857	1495
857	1809
857	2376
857	2619
857	1949
857	1951
858	2437
858	1709
858	2238
858	2647
859	1665
859	1444
859	2166
859	1737
859	1290
859	1740
859	1328
859	1427
859	948
859	1260
859	1302
859	1452
859	860
859	1866
860	2074
860	2378
861	2115
861	2083
861	2139
861	2282
861	1275
861	2300
861	2263
861	1721
861	2204
861	2442
862	2025
862	1478
863	2470
863	1484
863	908
863	1841
863	948
865	866
865	1571
865	1540
865	1591
866	1571
866	1540
867	2382
867	880
867	2709
867	2101
868	1075
868	1248
871	1126
871	976
871	917
871	1852
871	2557
872	1152
872	1090
872	1190
872	1129
872	970
872	1079
872	1080
872	921
874	1794
874	1189
874	1167
874	1168
874	2319
874	1908
874	1909
874	1019
874	892
874	1021
875	980
876	1894
876	1681
876	883
877	1441
877	1062
877	1009
877	2155
877	1455
877	1425
877	1430
877	922
877	987
877	2335
878	1499
878	2543
878	2203
878	1500
879	939
879	1196
880	1665
880	2169
881	2229
881	1539
881	2380
881	1859
881	1685
881	1367
881	1497
881	1557
881	1973
882	1750
883	2304
883	2352
883	1339
883	1894
883	2185
883	2282
883	1584
883	1911
883	2086
884	2051
884	2053
884	1972
884	2015
885	1665
885	1991
885	1324
885	1290
885	1740
885	2222
885	1619
885	948
885	1866
886	1394
886	1724
887	1346
887	2116
887	2351
887	2640
887	2296
888	1260
888	2141
888	1202
888	948
888	1181
888	1022
890	2344
890	2259
890	2167
891	2168
891	1618
891	2167
892	2319
892	2613
892	2639
893	1522
893	1570
894	1504
894	1508
894	1572
894	1883
894	925
895	1987
896	2177
896	1878
896	2694
896	1863
896	1099
896	2223
896	2232
896	1946
896	2202
897	1273
897	1778
897	2212
897	1765
898	1026
898	1851
898	1508
898	967
898	1416
898	1263
898	1809
898	1585
898	1241
898	2363
898	1597
898	1362
898	2303
901	1507
901	1501
902	2053
902	1511
902	2572
902	1294
902	2671
902	2353
902	1597
902	1541
902	1535
903	1501
903	1487
904	1550
905	1520
905	962
905	955
905	1231
906	1895
907	1506
907	1875
907	1278
908	1615
908	2579
908	1683
908	1866
909	910
909	2095
909	2035
910	964
910	2035
911	1083
911	1190
911	1305
912	1147
912	975
912	1077
912	929
913	1025
913	2465
913	2410
913	2671
913	1118
914	1188
914	1003
914	1903
914	1905
915	1080
915	931
915	1079
916	984
917	1384
917	978
917	1422
917	1807
917	1720
917	2450
917	1174
917	2409
917	1048
917	1051
917	1852
917	1213
918	992
918	1125
918	961
918	951
918	972
918	975
918	919
918	1044
918	1211
918	924
918	1093
919	1125
919	1063
919	936
919	1226
919	942
919	1007
919	1208
919	1071
919	1148
920	1441
920	1167
920	1168
920	1909
921	1152
921	1190
921	970
921	1090
921	1129
921	1079
921	1080
921	988
922	1765
922	1062
922	1009
922	2155
922	1425
922	1430
922	1272
922	1273
922	987
923	1546
923	1695
924	1165
925	1504
926	1291
927	997
927	951
928	948
928	939
928	1196
928	2327
929	930
929	1147
930	2035
930	2526
930	2014
931	1971
932	975
933	961
933	1068
933	1237
933	1148
934	970
934	1147
935	1098
935	1162
935	1194
935	1177
935	1018
935	1082
936	1185
936	2287
936	1071
936	1072
937	1098
937	1148
938	1035
938	1183
939	1196
940	941
942	946
942	975
943	1051
943	1227
943	1219
943	949
943	2264
943	1787
943	1247
944	1130
944	1028
944	983
945	2344
945	1425
945	949
945	1430
945	1339
945	1053
946	2275
947	2112
947	2016
947	2640
947	1457
947	2646
948	1665
948	1283
948	1158
948	1324
948	1290
948	2451
948	1173
948	1302
948	1048
948	1181
948	2591
948	2438
948	1286
948	2405
948	2076
948	1202
948	1334
948	1866
948	1734
948	1737
948	1738
948	1740
948	1619
948	1241
948	2141
948	1631
948	1260
948	1517
948	1363
948	2166
948	1172
948	1795
948	1022
949	1219
949	1382
949	2264
949	1787
950	951
950	1063
951	961
951	963
951	1309
951	1189
951	975
951	1044
951	1211
951	1125
951	1093
952	1921
954	2689
954	2594
954	2371
954	2215
954	1516
954	2350
954	2031
954	2032
954	1073
954	2058
954	2165
954	2039
954	1848
954	1722
955	962
955	995
955	1078
955	1176
956	1032
956	1372
957	1227
958	1127
959	1124
959	1258
959	1720
959	2557
960	962
960	1044
960	1078
960	1209
961	963
961	2550
961	975
961	1044
961	1240
961	1211
961	1125
961	1093
962	995
962	1291
962	1191
962	1044
962	1078
962	1176
963	1240
965	2568
965	972
967	1574
967	2415
967	1809
967	1682
967	1877
967	1435
967	1308
967	1181
969	1090
969	1235
969	2155
969	979
969	1015
969	1081
969	1055
970	1152
970	1090
970	1190
970	1129
970	1079
970	1080
972	1063
972	1127
972	1165
972	974
972	975
974	1063
974	1050
974	975
975	992
975	1211
975	1093
975	1095
975	1044
975	1147
975	1212
975	1077
975	1125
976	977
976	978
977	1762
977	1223
977	1224
977	1101
977	1422
977	1617
977	1137
977	978
977	982
977	983
977	1787
978	2500
978	2442
978	1422
978	2416
978	1051
979	2155
980	1137
980	1138
980	983
982	1106
982	983
983	1152
983	1777
983	1224
983	1101
983	1138
983	1246
983	1023
984	992
984	993
984	1185
984	1570
984	1081
984	1279
985	1106
985	1080
985	1210
985	988
987	1187
987	1062
987	1009
987	2155
987	1425
987	2163
987	1430
987	2391
987	1053
988	1131
988	1096
988	1111
988	1006
988	1224
988	1080
988	1337
990	1251
990	1188
990	1157
990	1158
990	1195
991	1008
991	1074
992	993
992	1640
992	1211
992	1212
993	1640
993	1279
994	1175
994	1174
994	2647
996	1136
997	1761
997	1106
997	1133
997	1337
997	1336
997	1145
998	1035
998	1036
998	1075
998	1016
998	1309
999	1888
1000	1001
1000	1164
1001	1312
1001	2658
1001	1059
1001	1222
1002	1003
1002	1084
1003	1188
1003	1905
1003	1084
1004	1528
1004	2299
1005	1031
1006	1224
1007	1208
1008	1109
1009	1121
1009	1062
1009	1425
1009	2155
1009	1361
1009	1430
1009	1594
1009	1011
1010	2272
1010	1083
1010	1156
1011	2404
1011	1349
1011	1158
1011	1446
1012	1905
1012	1186
1013	2568
1013	1369
1013	2613
1013	2592
1014	1091
1016	1603
1016	1164
1017	1018
1017	1807
1018	1070
1018	1039
1018	1684
1018	1663
1019	1794
1019	1189
1019	1321
1019	1167
1019	1168
1019	1909
1019	1020
1019	1021
1020	1321
1020	1021
1021	1794
1021	1189
1021	1030
1021	1167
1021	1168
1021	1909
1022	1946
1022	1181
1023	1152
1023	2571
1023	1113
1024	1178
1024	1362
1024	1685
1026	2216
1026	2415
1026	2162
1027	1292
1030	1157
1031	1709
1033	1034
1035	1036
1035	2097
1036	2609
1037	1280
1037	1217
1037	1253
1037	2405
1037	1777
1037	2705
1037	1108
1037	1053
1037	2271
1038	1184
1038	1272
1038	2508
1038	1772
1039	1139
1039	1663
1040	1057
1041	1183
1041	1301
1041	1735
1042	1958
1042	2057
1042	1938
1042	1204
1042	1189
1043	1600
1043	2260
1043	1767
1043	1130
1043	2224
1043	2322
1043	2548
1043	2646
1043	1849
1043	2489
1043	2047
1043	2239
1044	1093
1044	1057
1044	1064
1044	1211
1044	1125
1045	1659
1046	2049
1046	1155
1046	2564
1046	1769
1046	2160
1046	2147
1046	2167
1046	2458
1046	1659
1047	1048
1048	1311
1048	1202
1051	1720
1051	1052
1051	1247
1052	1968
1053	1157
1053	1217
1053	1446
1053	1137
1053	1062
1053	2705
1053	2163
1053	1782
1055	1082
1055	1831
1055	1101
1056	1198
1059	2658
1059	1990
1059	1863
1059	1997
1059	2493
1059	2388
1059	2203
1061	1497
1061	2257
1061	2023
1061	1275
1062	1091
1062	1125
1062	2155
1062	1456
1062	1425
1062	1430
1062	1369
1063	1127
1063	1226
1063	1165
1063	1211
1063	1148
1064	1350
1065	1066
1065	1405
1066	1472
1066	1617
1066	2103
1067	1138
1067	1139
1067	1246
1068	1297
1068	1079
1069	1319
1070	1371
1071	1442
1071	2287
1071	1072
1072	1442
1073	2689
1073	2594
1073	2371
1073	2215
1073	2030
1073	2031
1073	2032
1073	2033
1073	2350
1073	2231
1073	1848
1073	2191
1073	1114
1073	2526
1073	2165
1074	2601
1074	1333
1075	1863
1075	1997
1076	1077
1078	1209
1079	1152
1079	1190
1079	1090
1079	1129
1079	1080
1080	1152
1080	1090
1080	1190
1080	1131
1080	1587
1080	1129
1081	1262
1081	1185
1082	1177
1083	1190
1083	1096
1083	1138
1083	1136
1083	1305
1087	2402
1087	1924
1087	1525
1088	1089
1088	1316
1089	2611
1089	1316
1089	1146
1090	1152
1090	1190
1090	1129
1091	1125
1091	1555
1091	2583
1092	2429
1093	1125
1093	1098
1093	1211
1093	1247
1094	1539
1096	1224
1096	1138
1097	1762
1097	1157
1097	1136
1097	1140
1097	1113
1098	1314
1098	1604
1098	1192
1098	1930
1098	1445
1098	1194
1098	1162
1099	1664
1099	2177
1099	2562
1099	1863
1099	1100
1099	1997
1099	1685
1099	1112
1100	1456
1100	1112
1100	2277
1101	1777
1101	1782
1101	1784
1103	1253
1103	2391
1103	2413
1104	1105
1104	1955
1104	2293
1106	1184
1106	1587
1106	1111
1106	1210
1106	1215
1107	1944
1108	1761
1108	1422
1108	1178
1108	1180
1110	2073
1110	1644
1111	1668
1111	1253
1111	1766
1111	1192
1111	1385
1111	1131
1111	1113
1111	1669
1112	2562
1113	1152
1113	1122
1113	2115
1113	2231
1113	1166
1113	1904
1113	1150
1113	1721
1113	1274
1113	1275
1113	2010
1113	2263
1114	2112
1114	2594
1114	2215
1114	2570
1114	2165
1114	2646
1114	1848
1115	1698
1115	2546
1115	2711
1115	1701
1117	2597
1117	2460
1117	1645
1118	2530
1118	1429
1119	1944
1120	2049
1120	1155
1120	1197
1121	1446
1121	1158
1121	1361
1121	1430
1121	2404
1122	1680
1123	1292
1123	2590
1123	1887
1125	2251
1125	1211
1126	1873
1126	2134
1126	2135
1127	1165
1128	1801
1128	1239
1129	1152
1129	1190
1129	1617
1129	1677
1130	2548
1136	1140
1137	1138
1137	1782
1137	1253
1138	1250
1140	1333
1141	2466
1141	1732
1142	1250
1143	2466
1143	1183
1145	1761
1145	1422
1146	1193
1146	1316
1146	1759
1148	1226
1148	1236
1148	1237
1148	1373
1150	2227
1150	1904
1150	2010
1150	1339
1152	1190
1153	1154
1153	2663
1153	2348
1153	1950
1154	2663
1154	1950
1155	2049
1155	2617
1155	1769
1155	1162
1155	1161
1155	1593
1156	2272
1157	1158
1158	1283
1158	2404
1158	1446
1158	1665
1158	1736
1158	1737
1158	1290
1158	2445
1158	1257
1158	1349
1159	1205
1160	1161
1160	1162
1160	1163
1161	2182
1161	1162
1162	2617
1162	2183
1162	1163
1162	1303
1162	2333
1162	1194
1162	2359
1162	1593
1162	1338
1162	2631
1162	1243
1162	1780
1163	1379
1164	1762
1164	1222
1164	1256
1164	1331
1166	2116
1166	1167
1166	1168
1166	1617
1166	1524
1166	2231
1166	1274
1166	2587
1167	1794
1167	1189
1167	1168
1167	1909
1168	1441
1168	1794
1168	1189
1168	1909
1169	1243
1169	1193
1169	1638
1172	1174
1172	2635
1172	1597
1172	1173
1172	1910
1172	1175
1172	1820
1172	1466
1172	2591
1173	1263
1173	2673
1173	1201
1173	1466
1173	1174
1173	1175
1173	1370
1173	1820
1173	2591
1174	1540
1174	1175
1174	2194
1174	2071
1174	1946
1174	2203
1174	2214
1174	1961
1174	2218
1174	1574
1174	2351
1174	1588
1174	2358
1174	1975
1174	2238
1174	1506
1174	1613
1174	1241
1174	1242
1174	1563
1174	1891
1174	2661
1174	1559
1174	1643
1174	2066
1174	1577
1175	1574
1175	1366
1175	1241
1175	2270
1178	1287
1178	1179
1179	2123
1179	1466
1180	2275
1180	1253
1180	1357
1180	1784
1181	2405
1181	1868
1181	1609
1181	1221
1182	1684
1183	1312
1183	2315
1183	2564
1183	2217
1183	1659
1183	2581
1184	1225
1185	2164
1186	1228
1186	1710
1188	1251
1188	1905
1189	1794
1189	1309
1189	1909
1190	1305
1190	1587
1190	1618
1190	2402
1190	1525
1192	1314
1192	1671
1192	1447
1192	1772
1193	1638
1193	1932
1193	2317
1193	2639
1193	1243
1193	1214
1194	2696
1194	1711
1194	2713
1195	1234
1198	1995
1199	1549
1199	2169
1201	1440
1201	1435
1201	1431
1202	1260
1202	2141
1203	2218
1203	2351
1203	1498
1203	2140
1203	1973
1205	1206
1206	1441
1211	1212
1211	1620
1212	1620
1213	1241
1213	2450
1214	1462
1215	2056
1215	1812
1216	2123
1217	1280
1217	1865
1218	1219
1218	2568
1218	2259
1218	2165
1218	1848
1218	1369
1219	2472
1219	2264
1219	1786
1219	1787
1220	1221
1221	1609
1222	1312
1222	1256
1223	1376
1223	1779
1223	1766
1223	2423
1224	1762
1224	1246
1225	1909
1225	2445
1227	2277
1229	2181
1229	2182
1229	1780
1229	1406
1229	2527
1230	1856
1230	1355
1231	1733
1231	1520
1231	1371
1232	1662
1236	1889
1236	1237
1237	1249
1237	2456
1237	2043
1237	1373
1238	2049
1238	1462
1239	1801
1239	2621
1240	1985
1240	1403
1240	2604
1241	2433
1241	1287
1241	1559
1241	2214
1241	2363
1241	2630
1241	1613
1241	1242
1241	2270
1241	2271
1241	1506
1241	1574
1241	2172
1242	1574
1242	1613
1242	1517
1242	2591
1243	1638
1243	2639
1245	1964
1249	1475
1249	1430
1249	2256
1249	1501
1252	1254
1252	1326
1252	1327
1252	1631
1253	2705
1254	1665
1254	1317
1255	1378
1255	1379
1256	1312
1256	2466
1256	1705
1256	2388
1256	1461
1256	1755
1257	1446
1258	2557
1259	1391
1260	1665
1260	1737
1260	1290
1260	1740
1260	1902
1260	2451
1260	1302
1260	1619
1260	2141
1261	1409
1261	1318
1261	1670
1261	2152
1261	1644
1261	1393
1261	1299
1261	2327
1261	1404
1263	2024
1263	1973
1263	2363
1264	1495
1264	2221
1264	2619
1265	1464
1265	1426
1265	1325
1266	1665
1266	1860
1266	1324
1266	1362
1266	1267
1266	2071
1266	1306
1267	1665
1267	1705
1267	1324
1267	1362
1267	1461
1267	2071
1268	1925
1269	2648
1269	2015
1269	2023
1270	1376
1270	1765
1270	1448
1270	2251
1270	1336
1270	1271
1270	1272
1270	1273
1271	1272
1271	1273
1271	1766
1272	1376
1272	2433
1272	1765
1272	2439
1272	1448
1272	1772
1272	2122
1272	1836
1272	1779
1272	2423
1272	1336
1272	1273
1272	1467
1272	2405
1273	1376
1273	2182
1273	1766
1273	1336
1273	1779
1274	2231
1275	1331
1275	1721
1275	2115
1275	2644
1275	2263
1275	2083
1275	2275
1275	2023
1275	1900
1275	2139
1275	2300
1275	2282
1277	1278
1278	1571
1278	1514
1278	1973
1278	1527
1280	1767
1280	2047
1284	1285
1286	2438
1286	1517
1286	1808
1287	1408
1287	1918
1287	1450
1287	1575
1287	2068
1287	1973
1287	1353
1287	2526
1288	1952
1288	1296
1290	1665
1290	1302
1290	2451
1290	1430
1290	1356
1290	1324
1290	2616
1290	1736
1290	1737
1290	1866
1290	1740
1290	1619
1290	2141
1290	1517
1290	1902
1290	2166
1291	1711
1292	1315
1292	2515
1293	1309
1293	1381
1294	1665
1294	1313
1294	1736
1294	1356
1294	1809
1294	1910
1294	1597
1298	1299
1299	1665
1299	1323
1299	2150
1299	1322
1299	2123
1299	1358
1299	1318
1299	2587
1301	1425
1301	1349
1302	1665
1302	1736
1302	1737
1302	1740
1302	1306
1302	1866
1303	2048
1303	2049
1303	2182
1303	2183
1303	1780
1303	1335
1303	2458
1304	1905
1305	2318
1305	1782
1306	1665
1306	1345
1306	1736
1306	1738
1306	1362
1306	1328
1306	1427
1306	1860
1307	1880
1307	1391
1309	1373
1309	1726
1310	2122
1310	1788
1311	2599
1311	2448
1311	2578
1311	2009
1312	1765
1312	2315
1312	1708
1313	1665
1313	1736
1313	1356
1313	1361
1313	1367
1313	1597
1315	2515
1315	2491
1318	1899
1318	2476
1318	1838
1318	2020
1319	2293
1319	1320
1319	1547
1319	1653
1320	2293
1320	1547
1320	1653
1322	1323
1324	1665
1324	1795
1324	1334
1324	1346
1324	1866
1324	1740
1324	1619
1324	2137
1324	1385
1325	2340
1325	2032
1325	2066
1325	1559
1326	1327
1326	1409
1327	1409
1328	1444
1328	1736
1328	1452
1328	1427
1328	1438
1329	2539
1330	1442
1330	2614
1331	2644
1331	2226
1331	1762
1332	1665
1334	1665
1334	1795
1334	1345
1334	1384
1334	1484
1334	1346
1334	2137
1335	2182
1336	1376
1336	2308
1336	1451
1336	1617
1336	1337
1337	1617
1337	1783
1337	1759
1338	1342
1338	2359
1338	2617
1339	2227
1341	1343
1342	1799
1342	1869
1345	1665
1345	1737
1345	1395
1346	1795
1346	1398
1346	2137
1346	1403
1347	1633
1347	1348
1347	1385
1347	1421
1347	2192
1348	1385
1349	1446
1349	2445
1349	1425
1351	1372
1352	2304
1352	2666
1352	2256
1352	2257
1352	2260
1353	1408
1353	1571
1353	1575
1353	2192
1353	1906
1355	1997
1356	1665
1356	1361
1356	1736
1356	2153
1356	1740
1356	1367
1356	1435
1356	1597
1357	2275
1357	2309
1357	2354
1357	2389
1360	1384
1361	1669
1361	1903
1361	1430
1361	1455
1362	1665
1362	1585
1363	1984
1363	1985
1363	2218
1363	1976
1363	2292
1363	1756
1363	1631
1364	1365
1365	1748
1365	1747
1367	1831
1367	2256
1368	2248
1368	2282
1368	2266
1369	2592
1369	2567
1369	2568
1369	2503
1369	2188
1369	1457
1369	1847
1369	1848
1369	2165
1369	2613
1370	2218
1370	1466
1371	1733
1373	2147
1375	1376
1375	1784
1375	1759
1376	1765
1376	2439
1376	1448
1376	1772
1376	1784
1378	1379
1378	2100
1378	2439
1379	2439
1381	1610
1381	1611
1381	1612
1381	1654
1381	1655
1381	1656
1381	1689
1382	2237
1384	1385
1384	1484
1384	1933
1384	1398
1385	1738
1385	1389
1385	1392
1385	1940
1385	2166
1385	1403
1386	1409
1386	1935
1386	1675
1386	1671
1389	1392
1393	1806
1393	1421
1394	1475
1394	1724
1395	1763
1395	1665
1395	2637
1398	1933
1398	2137
1398	1403
1399	2140
1399	1985
1399	2218
1399	2292
1402	1505
1402	1506
1402	1682
1402	1613
1403	1920
1403	1714
1403	2137
1403	2559
1405	1672
1405	2305
1406	2181
1406	2182
1406	1929
1406	1713
1406	1780
1407	1665
1408	1572
1408	1575
1409	1411
1409	2152
1410	1707
1411	1644
1412	1619
1412	1675
1413	1760
1414	1418
1414	1415
1420	2321
1421	1920
1421	2153
1421	1806
1421	2136
1422	2442
1422	2478
1422	1743
1424	1448
1424	1777
1424	1770
1425	1762
1425	2155
1425	2163
1425	1430
1426	2265
1426	1464
1426	1465
1427	1736
1427	1452
1427	1433
1427	1438
1428	1969
1428	2716
1428	1716
1430	1899
1430	2437
1430	1734
1430	2256
1430	2647
1430	2141
1430	2666
1430	2155
1430	1902
1431	1440
1431	1437
1432	1449
1432	1620
1433	1505
1435	1574
1435	1576
1435	1871
1435	1552
1435	1946
1435	1468
1436	1797
1436	1438
1437	1445
1437	1974
1438	1665
1438	1468
1441	1909
1442	2614
1443	2652
1443	2499
1443	2179
1443	2310
1443	2684
1443	2414
1443	2717
1443	2513
1443	2674
1443	2627
1443	2268
1443	2453
1443	1980
1443	2013
1444	1452
1445	1603
1446	2434
1446	2395
1446	2411
1446	1524
1447	1448
1447	1671
1448	2433
1448	1765
1448	2439
1448	1770
1448	1772
1448	1779
1448	2172
1448	2122
1448	2405
1450	2560
1450	1859
1450	1574
1450	1876
1450	2390
1450	2235
1450	1973
1451	1617
1453	1587
1454	1559
1454	2059
1454	2174
1454	2609
1454	1973
1454	1551
1454	2370
1455	1850
1455	1594
1456	1924
1456	2277
1456	2280
1456	1457
1457	2567
1457	1847
1457	1848
1457	2165
1457	2112
1457	2246
1457	2015
1457	2016
1458	1459
1459	1869
1460	1854
1461	1665
1461	2211
1461	1860
1461	2151
1461	1705
1461	2076
1461	1596
1462	1890
1462	2147
1462	1700
1462	1765
1462	2182
1462	1771
1462	1780
1462	1688
1462	1689
1463	2350
1464	2023
1464	2412
1464	2353
1464	1465
1464	1470
1465	2323
1465	2228
1466	1820
1467	1472
1467	2212
1467	2405
1467	1702
1467	1617
1467	2008
1467	1784
1467	1757
1468	1571
1468	1575
1468	1590
1469	1772
1469	2211
1469	2508
1470	2023
1470	2412
1470	1592
1470	2687
1471	2508
1472	1617
1472	1620
1475	2021
1475	1488
1475	1495
1475	1597
1476	1539
1476	1559
1480	1552
1480	2330
1483	1792
1483	2660
1483	1884
1484	2320
1484	1619
1486	2437
1486	2600
1486	2222
1487	1488
1488	1489
1488	2706
1489	1602
1489	1869
1489	2291
1489	2196
1489	2197
1489	2236
1490	2709
1491	1947
1492	2267
1492	1962
1492	2195
1492	2463
1493	1578
1493	2314
1493	1642
1495	2221
1495	2610
1495	2619
1495	2103
1495	1949
1495	1918
1495	2047
1496	1794
1497	2380
1497	2257
1497	2291
1497	2588
1498	2340
1498	1906
1498	2229
1498	1973
1499	2666
1499	2543
1499	2233
1499	1500
1499	2109
1500	2543
1501	1507
1501	2340
1501	1559
1501	1588
1501	2229
1502	2252
1505	1506
1505	1613
1505	1631
1506	2214
1506	1613
1507	1581
1507	1587
1507	1604
1508	1572
1508	1582
1508	1809
1508	1842
1508	1949
1511	1541
1511	2345
1511	2353
1511	2324
1511	2296
1513	2095
1513	2299
1514	2675
1514	2276
1516	2273
1516	1722
1516	2058
1517	1665
1517	1540
1517	2697
1517	2068
1517	1563
1517	2591
1517	1571
1517	1574
1517	1576
1517	1577
1517	2218
1517	1973
1517	1854
1517	1859
1517	1737
1517	1866
1517	1868
1517	1588
1517	1877
1517	1623
1517	1552
1517	1639
1517	1902
1519	2282
1519	1555
1520	2061
1520	1645
1520	1521
1520	2293
1520	2006
1521	1595
1521	2011
1521	2094
1521	1840
1521	2297
1521	1817
1521	1818
1521	1819
1521	1596
1522	1570
1522	2374
1523	2074
1523	1524
1524	2434
1524	2074
1524	2587
1525	1952
1525	2402
1525	1618
1525	1587
1525	1909
1526	1715
1528	2299
1528	2641
1530	1791
1531	1532
1533	1901
1533	2199
1534	1657
1534	1556
1534	1653
1538	1906
1539	1557
1539	2029
1539	2675
1539	1685
1539	2335
1540	1552
1540	2194
1540	1563
1540	1571
1540	1574
1540	1575
1540	1576
1540	1577
1540	2351
1540	2355
1540	1588
1540	1875
1540	2295
1541	2053
1541	2353
1541	1554
1542	2340
1542	1559
1542	1560
1543	2640
1543	2434
1543	1544
1543	1545
1543	1904
1545	2350
1546	1547
1546	2128
1546	1556
1547	2128
1547	1556
1549	1639
1549	2024
1549	2346
1549	1973
1550	2153
1550	2559
1551	1648
1551	1657
1551	2174
1552	1574
1552	1831
1552	2355
1552	1871
1552	1576
1552	1571
1553	1569
1553	1634
1554	1874
1555	2282
1555	1904
1555	2583
1555	2328
1556	2128
1556	1657
1557	2610
1557	2103
1557	2047
1558	1569
1558	1642
1559	1954
1559	2340
1559	2059
1559	2029
1559	2066
1559	2174
1562	2299
1563	1571
1563	1574
1563	1577
1563	2351
1563	2194
1563	1588
1564	1852
1565	1573
1565	1566
1566	1573
1566	1693
1567	2220
1569	1642
1569	2035
1571	1920
1571	1665
1571	1574
1571	1588
1571	1590
1571	1591
1571	1875
1571	1575
1573	1693
1574	2560
1574	2697
1574	2194
1574	2068
1574	2591
1574	1576
1574	2351
1574	1588
1574	2235
1574	1985
1574	1859
1574	2358
1574	2123
1574	1868
1574	1613
1574	1871
1574	1877
1574	1631
1574	1577
1575	1875
1575	2229
1575	1590
1575	1899
1575	1973
1576	1871
1576	1577
1577	2351
1577	2194
1577	1588
1577	2295
1577	2591
1581	2156
1582	1842
1582	1949
1583	1592
1585	1809
1585	1597
1585	2303
1587	2402
1587	1604
1587	1618
1587	1685
1588	2351
1588	2194
1588	1822
1592	2687
1594	1696
1594	2283
1595	2434
1595	2011
1595	2094
1595	1840
1595	2297
1595	1817
1595	1818
1595	1819
1595	1596
1596	1860
1596	1705
1596	2094
1596	1840
1596	2297
1596	1817
1596	1818
1596	1819
1597	2177
1597	1665
1597	1736
1597	2572
1597	1647
1597	1809
1597	1910
1597	2301
1600	2113
1600	2340
1600	1767
1600	2282
1600	2229
1600	2295
1600	1849
1601	2223
1602	2083
1602	2058
1602	1869
1602	2291
1602	2196
1602	2197
1602	2233
1602	2236
1603	2255
1603	2161
1603	2036
1605	2170
1607	1808
1608	2632
1610	1611
1610	1612
1610	1654
1610	1655
1610	1656
1610	1689
1610	1661
1611	1612
1611	1654
1611	1655
1611	1656
1611	1689
1612	1654
1612	1655
1612	1656
1612	1689
1613	2214
1613	2218
1613	1915
1614	2097
1615	1859
1615	1896
1615	1867
1615	2253
1615	2579
1617	2466
1617	1772
1617	1677
1617	2612
1617	1783
1617	1784
1617	1757
1617	1759
1618	2402
1619	1665
1619	1740
1619	1866
1621	2256
1622	1745
1623	2647
1624	1632
1624	2386
1624	1986
1629	2662
1632	1986
1632	1668
1632	2386
1634	1894
1637	1702
1637	2175
1638	2049
1638	2201
1638	1691
1639	1866
1639	2218
1640	2248
1640	2412
1641	1746
1642	2314
1644	2153
1645	2597
1645	2684
1645	2555
1645	2460
1648	2243
1648	1881
1648	1657
1648	2302
1648	2111
1650	1658
1650	1651
1651	1658
1652	2185
1652	2098
1654	1697
1654	1656
1654	1688
1654	1689
1654	1661
1654	1655
1655	1697
1655	1661
1656	1697
1656	1688
1656	1689
1656	1661
1657	2347
1657	1695
1659	2049
1659	2564
1659	2160
1659	2458
1661	1688
1661	1689
1664	1692
1665	1795
1665	2451
1665	2587
1665	1705
1665	2616
1665	1860
1665	1736
1665	1737
1665	1866
1665	1740
1665	2141
1665	2144
1665	1902
1665	2169
1666	2050
1667	2620
1668	1669
1672	2305
1676	2305
1678	1679
1680	2115
1680	2028
1680	2018
1680	2258
1684	1843
1685	1863
1685	1997
1686	2179
1686	2522
1687	2355
1687	1759
1688	1697
1688	1689
1690	1691
1698	1701
1700	2147
1702	1764
1702	1703
1702	2643
1702	2008
1702	2212
1702	1757
1702	2175
1703	2008
1703	2612
1703	2643
1703	1764
1704	1796
1704	2333
1705	2211
1705	1860
1705	2076
1709	2306
1709	2192
1709	1906
1709	1973
1709	2697
1711	2713
1713	1929
1714	2155
1716	1969
1721	2083
1721	2139
1721	2115
1721	2263
1721	2300
1722	1992
1722	2058
1723	2272
1723	2387
1723	1980
1725	1756
1730	1874
1731	2159
1734	2647
1734	2162
1734	2071
1736	2144
1736	1795
1736	1737
1737	1740
1737	1902
1737	2451
1737	2141
1737	1866
1738	1739
1738	2166
1738	2076
1739	2166
1740	1795
1740	2451
1740	2616
1740	1866
1740	2141
1743	2394
1743	1756
1743	2719
1747	2419
1747	1748
1748	2160
1748	2419
1748	2207
1749	1970
1749	2308
1749	2575
1751	2521
1751	1754
1753	2600
1753	2513
1753	2707
1753	1790
1754	2340
1754	1767
1754	2312
1754	2535
1754	2229
1754	2422
1754	1845
1755	1990
1755	2388
1755	2203
1756	1776
1756	2100
1756	2719
1757	2212
1757	2405
1757	2008
1758	1777
1758	1783
1758	2271
1758	1759
1759	1783
1759	1777
1759	1782
1759	2271
1761	1782
1762	1904
1762	1782
1762	2231
1763	2467
1764	1995
1764	2605
1764	2643
1764	2584
1764	2684
1765	1771
1765	1766
1765	2182
1765	2122
1765	2315
1765	1778
1765	1779
1766	2182
1766	1778
1767	1956
1767	2229
1767	1849
1767	2047
1768	1774
1768	1775
1769	2252
1769	2160
1770	1777
1771	1772
1771	1925
1771	2182
1772	2439
1772	1836
1772	2508
1774	1776
1774	1775
1776	1825
1776	1983
1777	2410
1777	2271
1779	2466
1779	2122
1779	2318
1779	2423
1780	2147
1780	2182
1780	2183
1782	2521
1784	2212
1784	1945
1786	2264
1786	1787
1787	2472
1787	2264
1789	1955
1789	1895
1789	2089
1789	2014
1789	2253
1789	2189
1789	2248
1789	2068
1789	2293
1789	2039
1789	1918
1790	2268
1791	2017
1791	2267
1791	2300
1792	2240
1792	2258
1792	2226
1792	2133
1794	1909
1795	2357
1795	2137
1796	2120
1796	1951
1797	1798
1799	1869
1800	2074
1802	2499
1802	2708
1802	2654
1803	2125
1804	1805
1806	1830
1806	1931
1807	1924
1809	2363
1810	1932
1810	2102
1810	2015
1811	2621
1812	1922
1812	1843
1814	1970
1815	2567
1817	2094
1817	1818
1817	1819
1818	2094
1818	1840
1818	2297
1818	1819
1819	2094
1820	2338
1820	1892
1820	2673
1821	2149
1822	2512
1822	2674
1822	2394
1826	1827
1828	2440
1828	2013
1828	2630
1829	2585
1829	2513
1831	2438
1831	1871
1831	1854
1832	2637
1833	2398
1834	2004
1834	2038
1835	2423
1837	2684
1837	2627
1837	2408
1837	2652
1837	2284
1837	2513
1837	2665
1837	1944
1837	2393
1837	2012
1837	2590
1837	2431
1839	2608
1839	2138
1839	2453
1839	1943
1840	2094
1840	2297
1841	2470
1843	2097
1845	1849
1845	2422
1845	1846
1846	2350
1847	2592
1847	2567
1847	2215
1847	2165
1847	2646
1847	1848
1848	2112
1848	2594
1848	2371
1848	2116
1848	2215
1848	2567
1848	2231
1848	2646
1848	2165
1849	1956
1849	2345
1849	2097
1849	2229
1849	2275
1849	2645
1849	2340
1849	2524
1849	1891
1849	2282
1849	2418
1849	2295
1851	1915
1852	1961
1855	2475
1858	2317
1859	1876
1859	1950
1860	2211
1861	2236
1861	2246
1863	2177
1863	1997
1863	2493
1866	2218
1866	2020
1866	2158
1867	2253
1868	2194
1868	1973
1868	2105
1869	2496
1869	2604
1869	2196
1869	2197
1873	1969
1873	2135
1873	2683
1877	1985
1878	2223
1878	2232
1878	1946
1878	2202
1881	1882
1881	2243
1881	2302
1882	2302
1884	1898
1884	2292
1888	2296
1891	2275
1891	2340
1891	2358
1891	2661
1891	2351
1891	2066
1891	2260
1891	2229
1891	2295
1892	2338
1893	2279
1893	2443
1893	2287
1893	2164
1893	2266
1893	2010
1894	2350
1894	2068
1894	1981
1895	2049
1895	2189
1895	2480
1895	2039
1895	2424
1895	2042
1895	1918
1896	1897
1896	2579
1896	2151
1897	2411
1897	2151
1898	2292
1900	2115
1900	2139
1902	1903
1902	2141
1904	2282
1904	2640
1904	2263
1904	2328
1904	2681
1904	2010
1906	2306
1908	2319
1909	1952
1909	2445
1911	2304
1911	2229
1912	2028
1914	2533
1915	2123
1915	2218
1916	2384
1916	2381
1918	2189
1918	2068
1918	2069
1918	2103
1918	2526
1919	2487
1920	2661
1920	2351
1921	2063
1922	2419
1926	2409
1928	2254
1930	2292
1930	2218
1931	2222
1931	1991
1932	2102
1932	2015
1937	2201
1938	2057
1938	2109
1938	2089
1942	2654
1942	1943
1943	2608
1943	2453
1943	2138
1943	2654
1944	2590
1946	2401
1946	2351
1946	2232
1946	2202
1948	1949
1949	1951
1950	1955
1951	1953
1952	1953
1954	2340
1954	1959
1954	1960
1954	2089
1954	2126
1954	2095
1954	2229
1954	2262
1954	1956
1955	2293
1955	2039
1956	2340
1956	1959
1956	2028
1956	2018
1956	2033
1956	2610
1956	2131
1956	2229
1957	2343
1957	2275
1958	2400
1958	2053
1958	2054
1958	1959
1958	1960
1958	2089
1958	2130
1958	2190
1958	2068
1958	2248
1958	2014
1958	2687
1959	2400
1959	2277
1959	2340
1959	1960
1959	2247
1959	2095
1959	2260
1959	2229
1960	2400
1960	2340
1960	2126
1961	2023
1961	2353
1961	1973
1962	2093
1962	2031
1962	2195
1962	2267
1962	2140
1963	2602
1963	2517
1965	2529
1965	2340
1965	2055
1965	2536
1965	2126
1965	2352
1965	2545
1965	2229
1965	2262
1965	2277
1969	2694
1969	2540
1969	2494
1969	2486
1969	2712
1972	2640
1972	2610
1972	2047
1973	2306
1973	2697
1973	2194
1973	2229
1973	2253
1976	1984
1976	1985
1976	2476
1976	1977
1977	1984
1977	2476
1978	2304
1978	2337
1978	2290
1980	2627
1980	2684
1980	2673
1980	2652
1981	2019
1982	2608
1984	1985
1984	2218
1984	2385
1984	2292
1984	2140
1985	2351
1985	2385
1985	2292
1985	2390
1985	2457
1985	2140
1985	2296
1986	2386
1987	2289
1988	2320
1988	2430
1989	1990
1990	1997
1990	2388
1990	2203
1991	2222
1991	2550
1993	1994
1994	2425
1994	2618
1995	2584
1995	2435
1995	2605
1996	2622
1997	2177
1997	2493
1999	2499
2000	2717
2002	2600
2002	2722
2004	2452
2005	2138
2006	2293
2008	2612
2009	2599
2009	2667
2009	2448
2009	2578
2010	2279
2010	2443
2011	2434
2011	2297
2012	2408
2012	2665
2012	2284
2012	2504
2012	2431
2013	2179
2013	2310
2013	2513
2013	2684
2013	2717
2014	2095
2014	2035
2014	2068
2015	2051
2015	2204
2015	2083
2015	2221
2015	2102
2015	2368
2015	2648
2015	2016
2015	2017
2015	2018
2015	2023
2015	2548
2016	2112
2016	2017
2016	2018
2017	2018
2017	2300
2018	2028
2018	2131
2020	2321
2020	2158
2020	2063
2021	2291
2021	2703
2021	2576
2023	2353
2023	2335
2023	2368
2023	2248
2023	2260
2023	2648
2023	2282
2023	2412
2023	2548
2023	2300
2024	2026
2024	2025
2025	2026
2028	2282
2028	2131
2029	2675
2029	2335
2030	2689
2030	2033
2030	2031
2030	2032
2030	2329
2030	2526
2031	2689
2031	2299
2031	2033
2031	2273
2031	2032
2031	2610
2031	2350
2031	2295
2031	2329
2031	2191
2031	2526
2031	2335
2032	2689
2032	2033
2032	2350
2032	2262
2032	2329
2032	2526
2033	2689
2033	2340
2033	2526
2035	2095
2036	2037
2036	2038
2037	2038
2038	2513
2038	2659
2039	2424
2039	2041
2039	2042
2041	2424
2041	2042
2042	2424
2042	2335
2043	2456
2046	2704
2046	2078
2047	2706
2047	2479
2047	2610
2047	2103
2047	2234
2047	2625
2047	2626
2047	2640
2047	2260
2047	2282
2048	2049
2049	2252
2049	2160
2049	2458
2053	2080
2053	2352
2053	2221
2053	2190
2053	2084
2053	2054
2053	2335
2054	2080
2054	2084
2054	2190
2055	2276
2055	2161
2055	2255
2057	2109
2058	2273
2058	2204
2058	2062
2058	2236
2058	2669
2058	2229
2058	2558
2060	2067
2061	2293
2065	2199
2065	2598
2066	2340
2066	2260
2066	2229
2067	2348
2067	2269
2068	2191
2068	2069
2068	2089
2068	2350
2068	2353
2068	2526
2068	2248
2068	2253
2068	2400
2068	2282
2069	2400
2069	2282
2069	2526
2070	2268
2071	2437
2071	2666
2071	2647
2071	2651
2074	2345
2074	2093
2074	2351
2074	2661
2075	2296
2075	2229
2076	2166
2078	2704
2078	2459
2078	2607
2080	2190
2080	2084
2083	2368
2083	2236
2083	2598
2083	2139
2083	2300
2083	2115
2083	2263
2084	2190
2085	2086
2086	2185
2086	2282
2086	2352
2087	2698
2089	2321
2089	2248
2089	2253
2089	2130
2089	2687
2095	2340
2095	2096
2095	2229
2098	2185
2099	2483
2099	2523
2100	2405
2102	2524
2103	2479
2103	2610
2104	2119
2105	2360
2108	2122
2109	2233
2112	2594
2112	2570
2112	2640
2112	2165
2112	2646
2113	2282
2115	2519
2115	2226
2115	2240
2115	2247
2115	2258
2115	2263
2115	2139
2115	2300
2116	2231
2116	2640
2116	2165
2117	2612
2122	2423
2123	2150
2124	2125
2126	2340
2126	2246
2126	2669
2126	2193
2126	2262
2129	2293
2130	2248
2130	2687
2131	2282
2133	2240
2133	2258
2133	2226
2135	2238
2136	2153
2138	2608
2138	2453
2139	2188
2139	2263
2139	2300
2140	2385
2140	2292
2140	2218
2141	2451
2141	2616
2142	2626
2147	2564
2150	2151
2151	2362
2154	2417
2154	2255
2154	2161
2157	2452
2158	2321
2160	2458
2161	2255
2162	2216
2164	2339
2164	2687
2164	2412
2164	2260
2164	2266
2164	2287
2165	2594
2165	2215
2165	2567
2165	2570
2165	2231
2165	2646
2167	2503
2167	2344
2167	2259
2167	2168
2172	2433
2172	2405
2172	2271
2174	2527
2179	2310
2179	2717
2179	2513
2182	2183
2183	2617
2185	2282
2185	2352
2191	2526
2194	2351
2195	2536
2196	2496
2196	2604
2196	2291
2196	2197
2197	2291
2198	2499
2199	2598
2199	2481
2201	2589
2202	2232
2202	2223
2203	2388
2203	2493
2204	2275
2204	2442
2204	2669
2204	2221
2204	2675
2204	2335
2210	2568
2211	2508
2212	2405
2212	2251
2215	2594
2215	2371
2215	2646
2218	2631
2218	2292
2220	2636
2221	2368
2221	2703
2221	2706
2221	2335
2221	2352
2221	2619
2221	2256
2221	2645
2221	2399
2224	2312
2224	2282
2224	2548
2224	2489
2224	2239
2225	2312
2225	2358
2225	2535
2226	2240
2226	2258
2227	2369
2227	2418
2227	2259
2227	2228
2228	2369
2228	2277
2228	2259
2228	2323
2228	2256
2228	2646
2229	2340
2229	2515
2229	2545
2229	2247
2229	2344
2229	2610
2229	2295
2229	2275
2229	2529
2229	2277
2229	2296
2229	2557
2229	2558
2230	2322
2230	2260
2231	2275
2231	2389
2231	2646
2234	2322
2234	2247
2234	2260
2235	2560
2237	2542
2238	2436
2239	2280
2239	2412
2239	2258
2239	2548
2239	2489
2240	2258
2240	2519
2243	2302
2246	2545
2246	2353
2246	2567
2246	2669
2246	2646
2247	2340
2247	2277
2247	2322
2247	2260
2248	2400
2248	2625
2248	2412
2248	2266
2248	2687
2250	2283
2252	2458
2253	2282
2253	2697
2256	2304
2256	2666
2256	2399
2257	2647
2257	2280
2257	2260
2258	2335
2259	2369
2259	2344
2260	2322
2260	2548
2260	2344
2260	2602
2260	2529
2260	2489
2260	2372
2260	2596
2260	2277
2260	2280
2260	2412
2262	2396
2263	2681
2263	2300
2264	2472
2266	2287
2269	2610
2271	2433
2272	2387
2273	2669
2275	2436
2275	2309
2275	2335
2275	2340
2275	2343
2275	2354
2275	2615
2275	2280
2275	2282
2275	2295
2275	2389
2276	2675
2277	2529
2277	2340
2277	2280
2279	2443
2279	2396
2280	2412
2280	2322
2280	2647
2281	2370
2282	2335
2282	2352
2282	2615
2282	2625
2282	2644
2283	2294
2284	2408
2284	2665
2284	2577
2284	2431
2286	2636
2286	2478
2289	2615
2289	2618
2291	2576
2291	2588
2292	2351
2295	2340
2295	2335
2296	2390
2296	2661
2296	2303
2296	2351
2296	2557
2299	2641
2303	2351
2306	2697
2307	2351
2308	2575
2310	2691
2310	2600
2310	2717
2310	2513
2310	2487
2311	2314
2312	2349
2312	2548
2312	2358
2313	2351
2313	2640
2313	2457
2318	2391
2319	2639
2319	2613
2322	2372
2322	2344
2325	2688
2325	2612
2329	2689
2335	2352
2335	2675
2340	2545
2340	2610
2340	2515
2340	2529
2340	2558
2340	2344
2341	2368
2345	2418
2345	2524
2346	2360
2349	2416
2350	2689
2351	2457
2351	2358
2351	2390
2351	2661
2352	2536
2353	2400
2354	2389
2356	2619
2357	2647
2358	2535
2358	2661
2358	2367
2359	2617
2364	2552
2364	2539
2372	2412
2377	2525
2378	2401
2379	2703
2380	2701
2381	2384
2382	2709
2391	2413
2392	2496
2393	2454
2394	2512
2395	2583
2397	2709
2405	2433
2405	2439
2405	2537
2405	2423
2407	2569
2408	2665
2408	2431
2410	2507
2414	2453
2414	2499
2416	2498
2416	2500
2416	2472
2418	2519
2423	2478
2423	2639
2426	2488
2426	2446
2431	2665
2432	2509
2433	2439
2434	2587
2437	2666
2442	2495
2446	2488
2448	2599
2448	2667
2448	2578
2449	2511
2451	2475
2451	2616
2453	2499
2453	2608
2465	2671
2468	2606
2471	2525
2472	2500
2475	2616
2476	2579
2478	2636
2478	2639
2481	2598
2483	2523
2486	2540
2488	2605
2489	2548
2491	2570
2494	2712
2496	2604
2499	2708
2499	2654
2502	2551
2503	2562
2512	2674
2512	2668
2513	2624
2513	2659
2513	2627
2513	2643
2513	2684
2513	2717
2515	2661
2515	2640
2517	2602
2526	2689
2529	2545
2530	2573
2532	2574
2545	2571
2546	2711
2549	2652
2561	2672
2563	2643
2565	2628
2567	2592
2567	2580
2567	2646
2570	2646
2574	2646
2576	2645
2578	2599
2578	2667
2584	2605
2591	2635
2592	2613
2596	2602
2599	2667
2599	2671
2600	2691
2600	2695
2602	2650
2610	2640
2613	2639
2623	2671
2624	2643
2624	2717
2627	2684
2627	2652
2628	2672
2645	2703
2652	2665
2652	2684
2668	2674
2703	2706
