0	1608
0	547
0	2677
0	261
1	2690
1	1987
1	2282
1	366
1	1264
1	850
1	285
2	517
2	6
2	2323
2	277
2	23
2	24
2	25
2	2484
2	32
2	295
2	35
2	36
2	2085
2	39
2	2344
2	1962
2	43
2	49
2	1907
2	2228
2	1465
2	190
2	2115
2	197
2	326
2	203
2	2227
2	1492
2	85
2	902
2	601
2	2047
2	91
2	92
2	1061
2	97
2	2275
2	100
2	358
2	2023
2	1130
2	875
2	1900
2	493
2	366
2	496
2	115
2	2548
2	373
2	2260
2	1275
2	21
5	67
5	835
5	1174
5	2280
5	44
5	10
5	1643
5	2188
5	291
5	79
5	561
5	339
5	2260
5	675
5	8
5	217
5	2040
5	20
5	313
5	261
6	1792
6	517
6	2312
6	471
6	15
6	277
6	23
6	24
6	25
6	261
6	32
6	35
6	36
6	2085
6	39
6	43
6	1557
6	2224
6	49
6	2227
6	2489
6	190
6	2239
6	64
6	197
6	326
6	2258
6	851
6	1721
6	601
6	91
6	92
6	1061
6	97
6	2275
6	358
6	2023
6	1130
6	2027
6	366
6	2287
6	496
6	115
6	2548
6	373
6	1275
6	21
7	356
7	1542
8	675
8	262
8	1643
8	1901
8	1533
8	2580
8	1174
8	313
8	285
9	313
9	1445
9	1437
10	2080
10	2054
10	489
10	2188
10	561
11	2060
11	110
11	751
12	643
12	1606
12	1994
12	13
12	509
12	1859
12	697
12	493
12	810
13	643
13	1606
13	810
13	493
13	2173
13	1994
13	697
13	509
14	65
14	2290
14	2618
14	1598
15	2368
15	261
15	902
15	2287
15	2400
15	21
15	25
15	1435
15	419
15	1574
15	1960
15	297
15	1962
15	43
15	44
15	2221
15	820
15	56
15	954
15	64
15	2144
15	1484
15	1871
15	209
15	291
15	1493
15	471
15	2140
15	2528
15	100
15	2031
15	112
15	113
17	1152
17	267
17	405
17	921
17	159
17	933
17	1190
17	553
17	1199
17	478
17	182
17	1079
17	1080
17	961
17	1090
17	711
17	970
17	718
17	350
17	479
17	872
17	1129
17	874
17	492
18	2132
19	576
19	193
19	450
19	139
19	2021
19	266
19	267
19	44
19	2221
19	2703
19	1264
19	2379
19	2706
19	404
19	2645
19	246
19	634
19	2619
19	1022
20	2040
20	339
21	2449
21	277
21	23
21	24
21	25
21	1690
21	581
21	32
21	35
21	36
21	1061
21	39
21	43
21	44
21	49
21	190
21	64
21	67
21	197
21	326
21	471
21	601
21	91
21	92
21	224
21	358
21	2023
21	366
21	2287
21	496
21	115
21	373
21	1275
23	384
23	402
23	24
23	25
23	32
23	35
23	36
23	1061
23	39
23	2089
23	43
23	49
23	564
23	190
23	2239
23	197
23	326
23	336
23	2258
23	601
23	91
23	92
23	1634
23	1894
23	358
23	2023
23	366
23	496
23	2418
23	115
23	373
23	1275
23	254
23	277
24	299
24	657
24	2195
24	277
24	25
24	32
24	35
24	36
24	1061
24	39
24	2344
24	1962
24	43
24	49
24	1907
24	313
24	190
24	100
24	2115
24	197
24	326
24	2275
24	1492
24	85
24	902
24	601
24	91
24	92
24	1275
24	868
24	358
24	2023
24	2536
24	362
24	295
24	1900
24	493
24	366
24	496
24	115
24	373
24	2267
24	2260
24	2054
24	507
25	64
25	2574
25	32
25	35
25	36
25	1061
25	39
25	43
25	2224
25	49
25	190
25	2240
25	2115
25	2372
25	197
25	326
25	851
25	85
25	471
25	601
25	91
25	92
25	2083
25	2532
25	358
25	2023
25	493
25	366
25	2287
25	496
25	115
25	373
25	1275
25	277
26	2592
26	2246
26	2567
26	2204
26	2442
26	269
26	1457
26	370
26	467
26	2646
26	1369
26	252
26	861
28	84
32	1792
32	35
32	36
32	1061
32	39
32	43
32	49
32	2226
32	190
32	2240
32	2115
32	197
32	326
32	2258
32	2133
32	2519
32	601
32	91
32	92
32	677
32	2275
32	102
32	358
32	2023
32	366
32	496
32	115
32	373
32	1275
32	277
33	1075
33	998
33	495
34	1665
34	292
34	807
34	1048
34	799
34	1311
35	1792
35	659
35	36
35	1061
35	39
35	2344
35	1962
35	43
35	49
35	2226
35	1907
35	2133
35	190
35	2239
35	2240
35	2115
35	197
35	326
35	2258
35	1492
35	85
35	902
35	2519
35	601
35	91
35	92
35	677
35	2275
35	100
35	102
35	358
35	2023
35	295
35	1900
35	493
35	366
35	496
35	115
35	373
35	2260
35	1275
35	277
36	384
36	517
36	519
36	520
36	2057
36	402
36	518
36	38
36	39
36	424
36	43
36	1968
36	49
36	55
36	190
36	197
36	326
36	336
36	1955
36	601
36	91
36	92
36	37
36	1061
36	1634
36	358
36	1894
36	2023
36	366
36	1519
36	496
36	115
36	373
36	1275
36	277
37	38
37	39
37	424
37	2057
37	1042
37	782
37	1968
37	1938
37	951
37	125
37	126
37	127
38	385
38	1955
38	519
38	424
38	39
38	1965
38	1968
38	2545
38	2262
38	2039
38	954
38	2396
38	2042
39	277
39	424
39	43
39	1557
39	1968
39	49
39	190
39	197
39	326
39	601
39	91
39	92
39	1061
39	358
39	2023
39	366
39	496
39	881
39	115
39	373
39	1275
40	129
40	538
40	492
40	221
41	1249
41	1954
41	420
41	1733
41	1881
41	521
41	42
41	1451
41	492
41	301
41	2158
41	2269
41	689
41	85
41	1513
41	1525
41	1882
41	123
41	458
41	2047
42	66
42	2020
42	2321
42	1866
42	402
42	2158
42	145
42	146
42	147
42	729
43	230
43	2029
43	1061
43	2344
43	2396
43	1962
43	44
43	49
43	1907
43	395
43	954
43	60
43	190
43	64
43	2115
43	197
43	326
43	77
43	851
43	1492
43	85
43	902
43	471
43	601
43	91
43	92
43	494
43	2279
43	2275
43	100
43	102
43	358
43	2023
43	295
43	1900
43	493
43	366
43	2287
43	496
43	1960
43	2034
43	115
43	373
43	547
43	2260
43	1275
43	277
44	192
44	1154
44	903
44	2185
44	267
44	268
44	404
44	280
44	1949
44	291
44	2699
44	295
44	45
44	692
44	2233
44	2619
44	64
44	193
44	578
44	139
44	196
44	758
44	471
44	713
44	212
44	597
44	1495
44	857
44	1498
44	1501
44	263
44	2021
44	237
44	1906
44	1652
44	246
44	247
44	121
44	634
44	635
45	1154
45	196
45	295
45	2185
45	1549
45	79
45	1652
45	212
45	2333
46	441
46	1410
46	1927
46	1293
46	1383
48	619
48	75
48	227
48	821
49	2314
49	523
49	1061
49	169
49	50
49	2329
49	190
49	1731
49	197
49	326
49	518
49	2030
49	601
49	91
49	92
49	227
49	230
49	358
49	2023
49	2024
49	489
49	1883
49	366
49	2159
49	496
49	115
49	373
49	1275
49	125
49	277
50	1731
50	518
50	169
50	2159
50	1883
50	1660
51	827
51	2662
51	783
51	722
51	819
51	52
51	53
51	378
51	2203
51	1629
52	1824
52	450
52	1219
52	1252
52	104
52	1193
52	560
52	2609
52	948
52	53
52	2203
52	414
53	2203
53	414
53	1824
53	1059
53	1193
53	560
53	2609
53	948
53	2493
53	703
53	450
53	1219
53	1990
53	722
53	2388
53	1755
53	1252
53	104
53	750
53	378
53	2172
54	163
54	422
54	1895
54	2480
54	2229
54	2079
55	518
55	1727
56	1491
56	2160
56	115
56	1748
56	1582
56	884
56	1947
57	2529
57	2274
57	324
57	389
57	433
57	328
57	1495
57	1557
57	2610
57	2479
57	2640
57	1160
57	2706
57	2626
57	85
57	2103
57	447
57	1918
57	2047
58	2340
58	679
58	268
58	2229
58	59
58	1501
59	1568
59	2528
59	2340
59	710
59	774
59	1751
59	461
59	2418
59	564
59	2295
59	1600
59	1849
59	444
60	496
60	547
61	2273
61	1570
61	2058
61	1516
61	2095
61	984
61	1722
61	954
62	1120
62	389
62	2603
62	1613
62	1166
62	560
62	2482
62	2165
62	1848
62	1241
63	474
63	2386
64	1538
64	261
64	1542
64	2306
64	1560
64	2457
64	1571
64	166
64	295
64	1709
64	163
64	190
64	67
64	1699
64	84
64	471
64	1498
64	224
64	358
64	1575
64	2287
64	369
64	1906
65	420
66	146
66	437
66	414
66	510
66	1338
66	1342
67	2699
67	68
67	268
67	395
67	364
67	2515
67	2703
67	115
67	662
67	265
67	100
67	261
68	2661
68	1514
68	364
68	213
68	2296
68	283
68	1278
70	1381
70	232
70	554
70	684
70	77
70	464
70	595
71	560
71	1058
71	646
71	744
71	875
71	2319
71	1456
71	562
71	2618
73	1249
73	274
73	1275
73	2490
73	861
74	364
74	502
74	567
75	770
75	227
75	619
75	2355
75	821
75	1687
75	1501
76	205
77	260
77	230
77	1449
77	464
78	1921
78	675
78	324
78	454
78	455
78	778
78	177
78	2238
79	212
79	641
79	2075
79	196
79	2619
79	458
79	2156
79	366
79	207
79	371
79	1780
79	2229
79	884
79	794
79	1972
79	2333
80	130
80	2108
82	646
83	2248
83	875
83	2225
83	1362
83	2548
83	85
83	2077
84	224
84	234
84	2098
84	884
85	902
85	647
85	2412
85	395
85	2532
85	2574
85	1426
85	2371
85	269
85	2581
85	2265
85	2077
85	1183
85	1954
85	2422
85	295
85	2344
85	1962
85	1325
85	2644
85	2225
85	1907
85	2358
85	1848
85	1470
85	2115
85	324
85	2227
85	326
85	2248
85	1615
85	1464
85	2260
85	100
85	91
85	92
85	2275
85	2276
85	358
85	2023
85	2281
85	1514
85	875
85	1900
85	493
85	496
85	2472
85	115
85	2548
85	2165
85	1659
85	1492
85	1275
85	2282
85	1022
88	1185
88	936
88	874
88	876
88	1199
88	530
88	2169
88	1082
88	1055
89	2421
89	686
89	1029
90	528
90	1233
90	1018
90	1663
90	1039
91	261
91	2340
91	1904
91	1061
91	2681
91	295
91	2344
91	1962
91	2226
91	1907
91	1721
91	954
91	190
91	2115
91	197
91	326
91	851
91	1492
91	902
91	2263
91	601
91	2267
91	92
91	861
91	2275
91	100
91	358
91	2023
91	2282
91	1900
91	493
91	366
91	2287
91	496
91	115
91	373
91	2260
91	1275
91	2300
91	277
92	384
92	409
92	513
92	2353
92	402
92	195
92	277
92	1061
92	295
92	2344
92	1962
92	1907
92	1594
92	190
92	2115
92	197
92	326
92	203
92	464
92	1492
92	902
92	601
92	336
92	1634
92	2275
92	100
92	1894
92	358
92	2023
92	2282
92	1900
92	493
92	366
92	1519
92	496
92	115
92	373
92	2260
92	1275
93	766
93	516
93	1281
93	1258
93	158
93	1683
93	1173
93	1366
93	1241
93	287
93	668
93	94
93	639
94	768
94	2438
94	904
94	908
94	1933
94	1683
94	660
94	1301
94	663
94	280
94	665
94	670
94	1286
94	2362
94	830
94	835
94	839
94	844
94	204
94	2517
94	1366
94	863
94	867
94	1252
94	1254
94	2151
94	105
94	766
95	1280
95	897
95	2395
95	2212
95	2405
95	1446
95	1059
95	392
95	1964
95	2282
95	2251
95	1900
95	1048
95	2163
95	1275
95	1784
95	2308
95	442
95	1467
95	1757
95	799
96	2205
97	2260
97	2567
97	2312
97	1130
97	2224
97	1457
97	1043
97	2548
97	2165
97	2489
97	1848
97	1369
97	2280
97	2047
98	2594
98	2275
98	1062
98	326
98	106
98	2231
98	2165
98	2646
98	217
98	1848
98	1369
98	1114
99	734
99	2421
99	2278
100	902
100	395
100	268
100	2115
100	295
100	2344
100	1962
100	115
100	954
100	326
100	1492
100	2275
100	358
100	1900
100	493
100	496
100	1960
100	1907
100	2260
100	1275
101	2529
101	2372
101	2259
101	225
101	395
101	268
101	115
101	2260
101	2687
101	447
102	2240
102	105
102	2258
102	1586
102	2115
102	373
102	2490
102	395
104	1824
104	450
104	1219
104	1252
104	1193
104	560
104	2609
104	948
104	414
105	515
105	516
105	518
105	328
105	298
105	395
105	1519
105	1491
105	1240
105	1947
105	189
106	2231
106	954
106	623
107	736
107	353
107	930
107	552
107	1040
107	767
108	2652
108	2549
109	2549
109	2654
109	1942
109	1943
110	2060
110	751
111	176
111	385
111	2022
111	1105
112	2053
112	902
112	523
112	2322
112	535
112	419
112	2341
112	300
112	2224
112	577
112	2376
112	464
112	467
112	342
112	851
112	360
112	619
112	364
112	113
112	115
112	884
112	117
115	384
115	1153
115	2091
115	261
115	2340
115	2092
115	521
115	395
115	2060
115	269
115	493
115	2322
115	2067
115	1395
115	282
115	496
115	1954
115	2085
115	2086
115	295
115	2344
115	2090
115	2348
115	2115
115	2224
115	1907
115	1894
115	265
115	2341
115	190
115	447
115	197
115	326
115	1352
115	268
115	336
115	2130
115	851
115	2260
115	902
115	601
115	2269
115	1061
115	2529
115	1634
115	2275
115	358
115	2023
115	1900
115	402
115	366
115	2287
115	385
115	467
115	373
115	1492
115	1275
115	252
115	1962
115	277
116	2181
116	2186
116	117
116	1406
116	1229
117	2030
117	2032
117	721
117	883
118	2048
118	2049
118	1895
118	1303
118	1335
118	2458
119	482
119	500
120	256
120	2627
120	2628
120	485
120	2407
120	2236
120	2186
120	1970
120	2083
120	500
120	405
120	1814
120	504
120	1980
120	1749
121	1498
121	1414
121	1418
121	652
121	1933
121	1870
121	1906
121	713
121	1172
121	1173
121	1175
121	730
121	522
122	1408
122	1572
122	1508
122	1353
122	297
123	800
123	806
123	1798
123	618
123	301
123	277
123	1502
124	487
124	488
124	909
124	910
124	2035
124	222
124	223
125	353
125	1731
125	230
125	424
125	2314
125	1004
125	2159
125	2035
125	126
125	693
125	695
125	537
125	223
125	221
125	222
125	127
126	991
126	424
126	221
126	537
126	223
126	222
126	127
127	353
127	1319
127	424
127	1547
127	364
127	221
127	1320
127	351
127	501
127	538
127	143
127	222
127	223
128	906
128	1436
128	1386
129	961
129	2550
129	822
131	416
131	1678
131	1679
132	464
132	1642
133	1634
133	899
133	1648
133	2243
133	1881
133	1882
133	2302
134	1546
134	554
134	135
135	144
135	1320
135	201
135	554
135	143
135	2128
135	595
135	1556
135	350
135	599
135	2040
135	1657
135	1534
135	1653
136	580
136	1161
136	1162
136	1007
136	1208
136	2116
137	480
137	549
137	1309
137	1490
137	700
137	701
138	1443
138	2181
138	2310
138	1229
138	2717
138	2513
138	2179
138	2036
138	1686
138	2522
138	2013
139	192
139	193
139	674
139	2571
139	2021
139	2535
139	267
139	2221
139	2703
139	2576
139	1555
139	404
139	2645
139	246
139	1849
139	634
139	309
141	1472
141	1617
141	1714
142	191
143	353
143	1547
143	1319
143	1320
143	201
143	1546
143	223
143	1653
143	144
143	222
143	1556
143	350
143	1657
143	538
143	923
143	1534
144	200
144	201
144	2347
144	599
145	2020
145	2089
145	1420
145	146
145	402
145	2321
145	210
145	147
145	729
146	2020
146	2321
146	489
146	1420
146	2158
146	402
146	147
146	1866
147	898
147	259
147	2020
147	2321
147	2158
147	210
147	402
148	898
148	598
148	1607
148	840
148	556
148	1549
148	594
148	948
148	149
148	214
148	216
148	414
149	653
149	598
149	1549
150	2097
150	484
150	582
152	896
153	564
153	2335
154	352
154	417
154	198
154	489
154	463
154	2035
154	244
154	349
154	823
154	155
154	156
154	925
155	256
155	384
155	197
155	1153
155	588
155	205
155	2353
155	1554
155	2262
155	156
155	1541
156	417
156	538
156	588
156	1520
156	1554
156	951
156	1948
156	1949
157	2628
157	2565
157	510
158	867
158	836
158	805
158	781
158	1358
158	1552
158	1298
158	1299
158	389
159	1504
159	464
159	350
159	341
159	182
159	535
159	728
159	894
160	593
161	202
161	163
162	725
163	299
163	166
163	167
163	202
163	1483
163	590
163	212
163	215
164	896
164	1601
164	967
164	2223
164	1714
164	1878
164	1946
164	1435
165	865
165	836
165	677
165	1591
165	889
165	1468
166	202
166	212
166	167
167	1377
168	2673
169	1731
169	228
169	338
169	2159
169	1883
170	1529
170	1950
171	1568
171	2177
171	896
171	1475
171	2052
171	1477
171	264
171	172
171	1294
171	2223
171	1597
171	1910
171	411
171	2301
171	1278
172	866
172	869
172	264
172	2572
172	1294
172	1199
172	466
172	598
172	1592
172	591
172	447
172	1597
172	1470
172	2687
173	2275
173	269
173	174
173	175
173	1905
173	2354
173	2389
173	1357
173	2293
174	2496
174	514
174	1869
174	2604
174	2196
174	2380
174	782
174	175
174	2544
174	1602
174	2197
174	2233
174	506
174	1979
175	2496
175	514
175	2380
175	782
175	1869
175	2544
175	506
175	1979
175	2197
176	177
178	642
178	1795
178	1299
178	404
178	1430
178	668
178	2209
178	293
178	1324
178	815
178	306
178	1461
178	1334
178	568
178	313
178	1342
178	1343
178	707
178	847
178	2137
178	1888
178	997
178	1266
178	1267
179	1890
179	1462
180	833
180	661
180	1486
180	181
181	833
181	1530
182	1508
182	874
182	1199
182	1572
182	894
183	1800
183	282
183	1548
185	2397
186	2040
186	728
186	268
186	760
187	1954
188	660
189	2080
189	2084
189	2053
189	518
189	2190
189	1519
189	851
189	2054
189	190
190	2053
190	277
190	1061
190	197
190	326
190	420
190	601
190	358
190	2023
190	366
190	496
190	373
190	1275
191	800
191	450
191	646
191	840
191	652
191	1258
191	1484
191	1264
191	1682
191	567
191	568
191	2298
191	556
191	863
192	1984
192	193
192	635
192	2021
192	2631
192	1197
192	2351
192	2576
192	1906
192	2291
192	2292
192	2645
192	576
192	2703
192	1884
192	797
193	576
193	267
193	1197
193	2576
193	404
193	797
193	2221
193	2351
193	692
193	2619
193	2109
193	1488
193	1489
193	2645
193	2703
193	1884
193	2021
193	1264
193	1906
193	2291
193	2292
193	246
193	634
193	635
194	2657
194	419
194	2113
194	937
194	1514
194	2531
194	336
194	1203
194	660
194	297
194	1721
195	2113
195	1154
195	196
195	197
195	2017
195	2204
195	203
195	2018
195	1519
195	1912
195	2545
195	2040
196	577
196	1154
196	197
196	1153
196	2663
196	212
196	1519
196	2333
197	1153
197	2313
197	1154
197	2062
197	277
197	1061
197	2113
197	326
197	2353
197	601
197	358
197	2023
197	2663
197	366
197	496
197	373
197	1912
197	1275
198	244
198	579
198	1380
199	930
199	1350
199	463
199	405
199	221
199	255
200	523
200	201
200	2347
200	524
200	2129
200	1556
200	2293
200	1657
200	538
200	1789
201	524
201	595
201	599
204	259
204	812
204	835
204	2517
204	280
205	256
205	1554
206	577
206	411
207	1817
207	1818
207	2075
207	2076
207	1819
207	1705
207	2094
207	1840
207	1461
207	824
207	1595
207	1596
207	1860
207	208
207	209
207	1273
207	2011
207	540
207	1766
207	1521
207	1270
207	1271
207	1272
207	2297
208	1521
208	209
208	1746
208	1817
208	2297
208	1819
209	1921
209	2082
209	515
209	422
209	2087
209	2698
209	2034
209	2297
210	2020
210	239
210	240
210	402
211	2518
211	2113
211	2313
211	1930
211	2457
211	2218
211	2351
211	1203
211	1344
211	1985
211	212
211	213
211	2390
211	215
211	1240
211	2140
211	2529
211	2531
211	743
211	747
211	2292
211	2296
212	1800
212	2189
212	2074
212	2333
212	1493
212	299
212	578
212	2387
212	213
212	342
212	215
212	1648
212	1525
212	1657
212	1578
212	597
213	2307
213	797
213	389
213	2313
213	2457
213	2074
213	283
213	1946
213	295
213	1965
213	2351
213	1203
213	1973
213	2697
213	2640
213	215
213	474
213	860
213	2529
213	2531
213	743
213	887
213	2296
213	2303
214	2568
214	1292
214	414
214	2210
214	1315
214	2340
214	299
214	556
214	948
214	2229
214	438
214	825
214	445
214	446
214	447
214	1607
214	840
214	2640
214	1873
214	2515
214	215
214	216
214	217
214	2529
214	2286
214	1911
214	2296
214	2302
215	2307
215	2568
215	2313
215	2457
215	414
215	2340
215	299
215	2351
215	2229
215	1600
215	1985
215	2390
215	216
215	217
215	2535
215	1511
215	2296
215	2558
215	2303
216	2568
216	1038
216	2320
216	1174
216	414
216	2214
216	299
216	556
216	948
216	2102
216	825
216	445
216	446
216	447
216	1607
216	840
216	1484
216	1613
216	217
216	1911
216	251
216	639
217	1539
217	1292
217	2515
217	2074
217	282
217	2335
217	2466
217	2340
217	299
217	2229
217	438
217	443
217	445
217	446
217	447
217	758
217	326
217	2295
217	2296
217	339
217	2275
217	2661
217	1511
217	2663
217	2029
217	2675
217	2422
217	1911
217	2040
217	2557
217	639
218	673
218	295
218	298
218	1287
218	589
218	1588
218	1173
218	2591
218	1172
218	1466
218	219
218	1973
219	673
219	291
219	295
219	298
219	1287
219	589
219	1549
219	1588
219	1173
219	2346
219	1466
220	300
220	733
220	2102
220	509
221	230
221	1350
221	464
221	693
221	695
221	538
221	223
221	222
222	353
222	1319
222	1320
222	1547
222	909
222	488
222	2035
222	538
222	223
223	353
223	487
223	1350
223	1319
223	1320
223	1547
223	909
223	488
223	2035
223	503
223	538
224	1560
224	1542
225	226
225	2299
225	2089
225	546
225	2191
225	1513
225	2229
225	1911
225	2031
225	2687
226	2189
226	1513
227	523
227	821
227	619
228	760
229	1532
229	1531
229	1004
230	1731
230	2314
230	2329
230	2159
231	876
231	2189
231	1918
231	1895
233	2045
234	1632
234	1986
234	291
234	1988
234	2598
234	2065
234	649
234	2481
234	2386
234	471
234	1624
235	2449
237	770
237	2109
237	2114
237	238
237	877
237	1712
237	758
237	313
237	2233
237	378
237	2619
237	1629
238	528
238	474
238	877
239	1408
239	1810
239	405
239	2205
239	414
239	1311
239	805
239	297
239	2237
239	2497
239	1353
239	1873
239	1369
239	1377
239	2275
239	871
239	875
239	492
239	240
239	2683
239	1277
239	1278
240	1408
240	265
240	492
240	405
240	297
240	1369
240	1353
241	2401
241	2378
241	242
241	1946
241	860
241	794
241	1022
242	256
243	650
243	1660
244	579
244	925
245	1508
245	267
245	652
245	406
245	246
246	2021
246	267
246	404
246	634
247	2243
247	263
247	297
247	692
247	597
247	758
249	384
249	1572
249	518
249	1894
249	2055
249	265
249	938
249	2287
249	721
249	405
249	2262
249	2089
249	504
249	1199
249	2396
251	2320
251	1484
251	445
251	750
252	261
252	2058
252	2669
252	2204
252	2053
252	544
252	1954
252	2083
252	2598
252	1962
252	2221
252	2352
252	309
252	2335
252	2442
252	2368
252	2246
252	2511
252	467
252	861
252	2015
252	493
252	496
252	369
252	370
252	2548
252	2297
252	1791
253	1745
253	2546
253	1115
253	566
254	402
254	877
254	1742
255	1706
255	492
255	1293
255	1296
255	498
255	1309
256	2627
256	2628
256	1541
256	2407
256	522
256	504
256	405
256	1554
257	258
257	2022
258	777
258	834
258	343
258	757
259	896
259	770
259	523
259	260
259	1174
259	1961
259	1099
259	898
259	1294
259	881
259	2229
259	502
259	2340
259	1852
260	1852
260	2228
260	1564
261	1954
261	419
261	2084
261	1962
261	561
261	1721
261	1608
261	339
261	2133
261	493
261	496
261	369
261	760
262	1249
262	2017
262	1901
262	1533
262	370
262	467
262	2204
262	285
262	1791
263	1500
263	411
264	1597
264	599
265	2276
265	1894
265	2089
265	938
265	875
265	2515
265	2703
265	405
265	504
266	267
266	2379
266	659
266	2703
267	385
267	578
267	2703
267	2706
267	404
267	2221
267	2233
267	2619
267	2109
267	576
267	450
267	2379
267	1489
267	723
267	597
267	857
267	1499
267	1508
267	2021
267	493
267	1264
267	787
267	634
267	2645
268	2259
268	904
268	297
268	395
268	1263
268	2040
268	1496
268	412
268	1886
269	2371
269	2229
269	1954
269	1891
269	2340
269	2309
269	2246
269	2275
269	2282
269	2413
269	358
269	2548
269	2389
269	1357
269	2295
270	536
270	552
270	374
271	960
271	1561
271	272
272	960
272	1696
272	524
272	559
272	351
272	1078
272	1561
272	669
272	926
272	767
273	1027
273	1125
273	2251
273	1292
273	2163
273	1123
273	984
273	1279
274	2490
275	426
275	515
275	1604
275	1098
275	749
276	1232
276	1718
276	1662
276	1622
276	559
277	1061
277	301
277	1455
277	326
277	601
277	987
277	1120
277	1275
277	358
277	2023
277	618
277	2155
277	366
277	496
277	373
277	1015
278	342
280	835
280	2052
280	812
280	2699
280	1869
280	611
280	2196
280	716
280	2604
280	1240
280	761
280	506
280	1244
280	2517
281	776
281	2449
282	1956
282	2085
282	1800
282	2090
282	1548
282	438
282	2557
283	1525
284	2340
284	1253
284	1767
284	2312
284	845
284	2287
284	2229
284	1846
284	2558
284	1754
284	380
284	1501
284	286
284	1845
285	1600
285	2275
285	1574
285	2282
285	1901
285	2253
285	2248
285	2068
285	2615
285	1368
285	1849
285	1517
285	1533
285	286
286	1891
286	1928
286	2254
286	2066
286	2260
286	2229
286	1454
287	1241
287	646
287	1263
288	289
288	2203
288	809
288	745
288	1810
288	567
288	1370
288	635
288	671
289	1370
289	2203
291	2144
291	1552
291	1859
291	1416
291	1867
291	2253
291	784
291	755
291	643
291	1615
291	2447
291	589
292	896
292	1665
292	859
292	1860
292	293
292	1345
292	1736
292	1099
292	1302
292	1266
292	880
292	1362
292	1267
292	822
292	2169
292	1306
292	763
292	666
292	798
293	1665
293	1795
293	650
293	654
293	1298
293	1299
293	666
293	2587
293	668
293	672
293	2209
293	1324
293	306
293	948
293	1334
293	692
293	1345
293	1346
293	1736
293	1740
293	847
293	1619
293	313
293	2137
293	1254
293	1266
293	1267
293	631
293	763
293	1407
294	994
294	451
294	1669
294	840
294	650
294	2162
294	852
294	1781
294	826
294	831
295	675
295	902
295	1287
295	2697
295	778
295	1420
295	2306
295	782
295	1450
295	787
295	794
295	1307
295	671
295	1595
295	2340
295	1575
295	2344
295	297
295	2346
295	1709
295	1454
295	1203
295	2229
295	2360
295	2105
295	1907
295	1538
295	1973
295	1498
295	2115
295	326
295	1353
295	1549
295	1571
295	1492
295	1880
295	1754
295	783
295	2275
295	358
295	1517
295	1899
295	1900
295	493
295	2011
295	1263
295	496
295	1906
295	2260
295	1275
295	380
295	1962
297	1408
297	1420
297	1287
297	2697
297	651
297	1549
297	782
297	2192
297	785
297	791
297	794
297	1263
297	730
297	1571
297	2346
297	1709
297	1203
297	1973
297	841
297	2360
297	2105
297	1466
297	2229
297	1353
297	1868
297	2253
297	419
297	1498
297	783
297	2531
297	1639
297	2024
297	1575
297	1906
297	380
298	515
298	516
298	328
298	379
298	1403
298	570
299	2340
299	2661
299	1511
299	2296
299	338
299	2515
299	2229
299	2074
299	2557
300	523
300	464
300	419
300	2053
300	902
300	2376
300	619
300	364
300	461
300	360
300	598
300	884
300	342
300	857
300	505
300	733
300	1541
301	618
301	806
302	2690
302	419
302	2022
302	458
302	366
302	505
302	2109
303	913
303	1798
303	1797
303	1062
304	305
304	753
304	660
304	513
305	1647
305	1394
305	660
305	886
305	1724
305	2205
306	641
306	1604
306	1318
306	2055
306	1031
306	1005
306	847
306	1712
306	787
306	404
306	1497
306	568
306	761
306	2619
306	1726
307	2081
307	2690
307	308
307	1586
308	2139
308	2188
308	2519
309	2304
309	513
309	674
309	2571
309	1894
309	2355
309	2442
309	876
309	1584
309	883
309	2491
309	1791
309	2495
310	1691
310	1654
310	311
311	832
311	1654
311	1434
311	1691
311	1628
312	1632
312	1668
312	1669
312	534
313	1540
313	775
313	1559
313	776
313	2194
313	1623
313	917
313	1174
313	2071
313	2357
313	414
313	2437
313	1872
313	2210
313	675
313	1574
313	540
313	1352
313	2481
313	437
313	649
313	1720
313	2235
313	829
313	2238
313	1973
313	1985
313	1475
313	1734
313	455
313	454
313	1616
313	2257
313	1362
313	724
313	1621
313	2647
313	1241
313	858
313	2651
313	1175
313	1629
313	471
313	1430
313	2256
313	994
313	827
313	740
313	742
313	2280
313	2666
313	1643
313	1903
313	1266
313	1267
313	756
313	758
313	2516
313	635
313	764
313	511
314	1670
318	679
321	1187
321	1188
321	1222
321	1446
321	1905
321	1003
321	945
321	914
321	990
321	991
322	362
323	560
323	397
323	1333
324	1985
324	2292
324	1399
325	1796
326	2689
326	389
326	891
326	2532
326	2574
326	601
326	1061
326	2344
326	1962
326	2610
326	947
326	2233
326	1907
326	2115
326	327
326	1492
326	902
326	1495
326	728
326	2275
326	358
326	2023
326	2297
326	1900
326	493
326	366
326	496
326	373
326	2260
326	1275
326	382
327	2275
327	389
327	2574
327	947
327	2588
327	382
328	515
328	1160
328	433
328	2103
328	1161
328	1162
328	1918
329	2442
329	978
329	1422
330	2618
330	419
330	1666
331	2049
331	1155
331	394
331	2103
331	2252
331	430
331	440
331	2147
331	1238
331	1335
331	1688
331	2458
332	1770
333	1448
333	1447
333	2391
335	1300
335	1862
335	1974
336	384
336	496
336	1634
336	1894
336	937
336	1098
336	892
336	450
336	1148
336	402
336	948
336	366
336	950
337	473
337	1139
338	1667
338	2661
338	1967
338	437
338	2262
338	920
338	2620
339	1508
339	561
339	2033
339	1842
339	1911
339	2040
339	1949
339	350
340	1512
341	650
341	721
341	725
341	728
341	857
342	1648
342	419
342	464
342	2376
342	364
342	619
342	2029
342	461
342	2189
342	857
342	505
342	348
342	598
343	866
344	1730
344	1712
344	1874
344	1656
344	345
344	1948
345	1712
345	1730
345	1405
345	2174
346	1953
347	578
347	2243
347	2189
347	1648
347	1649
347	597
347	348
347	2111
348	578
348	2243
348	2189
348	1648
348	1649
348	597
348	1657
348	2111
349	1506
349	907
349	773
349	823
350	1504
350	1508
350	728
350	882
350	1534
350	600
350	868
350	1855
350	894
351	354
351	587
351	1319
351	1320
351	364
351	1098
351	939
351	524
351	1653
351	374
351	1930
351	926
352	1249
352	963
352	424
352	489
352	909
352	910
353	1547
353	537
353	538
353	546
353	1319
353	1064
353	1069
353	823
353	1653
353	961
353	1350
353	1104
353	2129
353	1105
353	1520
353	1320
353	2035
353	2293
354	481
354	1090
354	483
354	939
354	1068
354	482
354	1330
354	1049
354	374
354	1079
354	473
354	921
358	496
358	1061
358	2344
358	1962
358	1907
358	2236
358	373
358	2115
358	2083
358	1492
358	902
358	601
358	2275
358	2023
358	1900
358	493
358	2030
358	2032
358	366
358	2260
358	1275
359	1572
360	1122
360	2053
360	902
360	577
360	523
360	1680
360	2353
360	2258
360	759
360	1511
360	411
360	1541
361	839
362	1249
362	1475
362	489
362	653
362	461
362	496
362	598
362	493
362	1022
364	1026
364	898
364	783
364	419
364	1572
364	2376
364	461
364	464
364	598
364	857
364	2025
364	2026
364	619
364	505
364	1278
366	384
366	641
366	520
366	2690
366	402
366	1061
366	458
366	601
366	1634
366	1894
366	2023
366	2156
366	496
366	373
366	1275
367	550
367	368
367	2424
367	2066
367	1816
367	2041
367	2042
368	550
368	1895
368	2480
368	2066
368	1816
369	728
370	2442
370	2204
370	2083
370	1457
370	2058
370	2246
370	2273
370	2126
370	467
370	2260
370	861
370	2015
370	2016
370	2017
370	2018
370	486
370	2669
370	2545
370	373
370	1791
372	418
372	1947
372	796
372	1491
373	496
373	1061
373	2226
373	2242
373	2260
373	2263
373	601
373	2023
373	1904
373	2681
373	1275
374	1098
376	1069
377	1528
377	2641
377	1562
377	2299
377	1004
378	1920
378	2661
378	2409
378	2703
378	722
378	758
378	2203
379	570
379	2062
380	513
380	2697
380	1709
380	1426
380	1559
380	1944
380	794
380	2340
380	1325
380	1454
380	2229
380	1464
380	1465
380	1981
380	1973
380	1353
380	2253
380	721
380	1498
380	1501
380	1119
380	1894
380	1575
380	2066
380	1265
382	389
382	2574
382	947
382	1495
382	728
383	815
384	385
384	1287
384	402
384	2068
384	2350
384	2480
384	2353
384	1846
384	2248
384	2526
384	2400
384	1634
384	1894
384	496
385	2443
385	1954
385	2339
385	2340
385	1071
385	2226
385	2233
385	2109
385	2010
385	1499
385	1893
385	2279
385	2282
385	493
385	494
385	2287
385	496
385	2164
385	2039
385	2042
386	992
386	612
386	616
386	617
386	529
386	984
387	393
387	388
387	429
388	2310
388	1160
388	429
388	430
388	1155
389	1408
389	512
389	2434
389	1543
389	1346
389	1166
389	2320
389	2137
389	2587
389	1446
389	2217
389	1458
389	2351
389	2610
389	947
389	414
389	2231
389	1848
389	1595
389	2165
389	1857
389	450
389	2115
389	2116
389	842
389	1484
389	2640
389	514
389	851
389	1113
389	2011
389	1120
389	1168
389	1254
389	744
389	1150
389	1904
389	1523
389	1524
389	1909
389	887
389	1274
389	2047
390	1876
390	391
391	659
392	1900
392	1126
393	1664
393	1099
393	1228
393	1620
393	1692
394	1089
394	1193
394	1238
394	440
394	1214
394	1247
395	592
397	560
398	661
398	399
399	661
399	2071
400	2720
400	1443
400	1743
400	1776
400	818
400	2100
400	1983
400	1756
400	2719
401	995
401	1286
401	1831
401	1453
401	948
401	823
402	1665
402	1026
402	1290
402	908
402	1302
402	1324
402	952
402	1737
402	1866
402	1099
402	1740
402	859
402	1634
402	2020
402	1894
402	496
402	885
404	2114
404	1252
404	2021
404	1254
404	568
404	722
404	634
405	1814
405	409
405	1309
405	2089
405	938
405	1970
405	2627
405	2628
405	714
405	1369
405	1894
405	2407
405	488
405	490
405	492
405	498
405	504
406	652
406	2572
406	1869
406	1459
406	1865
408	800
408	2114
408	1099
408	805
408	1187
408	1450
408	1995
408	1240
408	1075
408	660
408	567
408	761
408	724
408	2394
408	1435
408	636
408	1822
408	1311
409	513
409	1922
409	1894
409	2023
409	938
410	2089
410	2090
410	2130
411	1762
411	1680
411	2258
411	1597
412	1884
413	710
414	1540
414	2568
414	2071
414	2587
414	1574
414	556
414	560
414	2609
414	1587
414	1591
414	1607
414	1613
414	2640
414	1618
414	2135
414	2651
414	1629
414	1630
414	2666
414	2683
414	1174
414	1175
414	1178
414	1179
414	2210
414	1051
414	1190
414	1193
414	1720
414	2235
414	2238
414	1219
414	1734
414	1241
414	1242
414	2270
414	1252
414	1254
414	748
414	2515
414	1269
414	2296
414	2302
414	2303
414	775
414	776
414	1292
414	1808
414	785
414	792
414	1824
414	1315
414	1317
414	2357
414	2358
414	1342
414	1346
414	822
414	840
414	1873
414	1877
414	858
414	2402
414	871
414	887
414	660
414	2437
414	917
414	1969
414	948
414	437
414	443
414	450
414	454
414	455
414	978
414	675
414	2529
414	1509
414	2023
414	1517
414	1525
416	642
416	1384
416	876
416	819
416	2108
417	1554
418	420
418	796
419	2067
419	535
419	1962
419	1455
419	2360
419	2376
419	461
419	464
419	598
419	857
419	489
419	619
419	505
420	2053
420	1318
420	1838
420	689
420	796
421	433
421	1662
421	2078
422	1008
422	2034
422	2082
423	2312
423	567
423	2535
423	2358
423	2367
424	488
424	909
424	1968
424	946
424	919
424	954
425	2557
426	1442
426	515
426	1604
426	1098
426	525
426	1071
426	1072
426	1330
426	2614
426	1112
427	583
427	1704
427	1162
427	1691
427	2333
427	2174
428	2272
428	1988
428	1509
428	839
428	1129
428	1116
429	2049
429	430
430	2049
430	1155
430	1335
431	1700
431	559
431	1462
431	440
431	1337
431	988
432	1400
433	2049
433	2243
433	1895
433	515
433	2174
433	2103
433	1338
433	2333
433	1918
433	2527
434	1626
434	435
434	436
435	436
436	510
437	1540
437	534
437	775
437	776
437	2571
437	785
437	1859
437	917
437	1174
437	792
437	674
437	675
437	454
437	1574
437	1450
437	822
437	442
437	443
437	444
437	2238
437	1269
437	1985
437	1987
437	2358
437	710
437	455
437	1613
437	2256
437	1873
437	1877
437	1241
437	2657
437	2235
437	871
437	756
437	1342
437	2683
438	2557
439	978
440	2274
440	2147
440	1700
440	1462
440	1193
440	1909
440	1238
440	510
440	441
440	1214
441	1698
441	1383
442	770
442	645
442	774
442	911
442	1298
442	1299
442	793
442	1059
442	677
442	1831
442	819
442	567
442	1978
442	443
442	444
442	1341
442	1342
442	1343
442	1990
442	1359
442	2388
442	1755
442	2529
442	1891
442	871
442	807
442	786
442	626
442	635
443	871
443	976
443	1298
443	467
443	2203
443	444
443	2557
444	1921
444	710
444	976
444	515
444	1341
444	1470
445	2214
445	639
445	1484
445	1613
445	2320
445	825
445	446
445	447
446	1613
446	825
446	447
446	639
447	2319
447	2064
447	2322
447	1557
447	2466
447	2221
447	1199
447	2610
447	2229
447	2103
447	1726
447	1973
447	711
447	2260
447	2529
447	2663
447	1514
447	2548
447	1908
447	874
447	2047
448	449
448	450
448	1807
448	1264
448	756
448	1017
449	450
449	803
449	1924
449	1807
449	1017
450	1408
450	1824
450	2162
450	678
450	1193
450	556
450	557
450	560
450	2609
450	1334
450	948
450	2619
450	1346
450	1219
450	852
450	2137
450	1252
450	1258
450	1264
450	626
450	1398
450	887
450	2298
451	786
452	1698
452	1115
452	812
452	453
453	1698
453	1115
453	812
454	1921
454	515
454	455
454	1832
454	841
454	2637
454	2194
454	1395
454	724
454	1973
454	634
454	730
455	1430
455	1921
455	2357
455	470
455	1832
455	1961
455	2666
455	1287
455	2637
455	2193
455	1973
455	566
455	841
455	511
455	764
456	1958
457	2035
457	491
458	1536
458	641
458	2022
458	2156
458	689
458	505
458	1455
459	1952
459	1190
459	2022
459	1288
459	1098
459	461
459	911
459	532
459	1305
459	1083
460	505
460	461
461	1288
461	653
461	1042
461	1568
461	1697
461	1655
461	833
461	1475
461	711
461	2376
461	718
461	463
461	464
461	598
461	857
461	478
461	1249
461	489
461	495
461	501
461	1654
461	503
461	505
461	893
462	992
462	1158
462	1736
462	1772
462	1905
462	1427
462	1430
462	922
463	930
463	840
463	1705
463	714
463	492
463	2035
463	1693
464	598
464	1939
464	2376
464	857
464	479
464	865
464	619
464	2031
464	2035
464	505
464	765
466	652
466	679
466	2572
466	1294
466	1597
467	2442
467	2571
467	2322
467	2204
467	544
467	674
467	2083
467	2341
467	2598
467	2224
467	1457
467	2058
467	2368
467	2246
467	2511
467	851
467	2260
467	861
467	2015
467	2273
467	486
467	2669
467	2545
467	1907
469	1600
469	634
469	1483
469	2660
469	470
470	1600
470	1483
470	2660
471	2598
471	2481
471	649
471	1564
471	2065
471	2287
471	2199
472	1710
473	481
473	1090
473	933
473	1068
473	1139
473	691
473	482
473	478
473	921
473	479
473	1086
473	1189
474	649
474	652
474	1859
474	1175
474	665
474	667
474	796
474	674
474	1734
474	679
474	2351
474	820
474	2622
474	1347
474	836
474	966
474	1991
474	1878
474	1633
474	866
474	869
474	2024
474	2162
474	1395
474	506
475	477
475	830
476	1032
476	1291
476	483
476	709
476	1071
477	1277
477	830
477	679
478	481
478	482
478	933
478	711
478	712
478	1068
478	718
478	495
478	758
478	719
478	479
479	864
479	481
479	482
479	933
479	492
479	619
479	1068
479	653
479	1309
479	1332
479	598
479	951
479	765
479	1189
480	1490
480	549
481	1090
481	483
481	933
481	1068
481	482
481	1539
481	1332
481	700
482	483
482	933
482	490
482	1068
482	1309
482	720
482	500
482	1049
482	714
483	1090
483	1068
483	910
483	909
483	1330
484	2129
486	2273
486	2246
486	2545
486	2058
486	2669
486	1457
487	488
487	909
487	624
487	744
487	1042
487	1204
487	503
487	504
487	1970
488	2098
488	909
488	910
488	1042
488	2035
488	1204
488	503
488	504
488	505
488	1970
489	1153
489	653
489	2321
489	535
489	538
489	922
489	1455
489	1597
489	1475
489	1231
489	2129
489	598
489	1501
489	1249
489	2024
489	1910
489	893
490	624
490	714
491	961
491	1189
491	714
491	1227
491	2035
491	504
492	545
492	1733
492	1451
492	840
492	1231
492	498
492	1705
492	728
492	1369
493	902
493	1426
493	660
493	1301
493	1954
493	2344
493	1962
493	1907
493	2358
493	2233
493	2109
493	2115
493	2248
493	1615
493	2260
493	987
493	1499
493	2275
493	2277
493	2023
493	2281
493	1900
493	494
493	495
493	496
493	1492
493	1275
493	1022
494	743
494	495
494	496
494	1325
494	1367
494	1849
494	2266
494	2287
495	998
495	935
495	2164
495	1185
495	1098
495	711
495	496
495	1075
495	852
495	718
495	1177
495	527
495	1194
496	2027
496	2287
496	2085
496	517
496	1954
496	677
496	936
496	1962
496	1325
496	1071
496	1907
496	1849
496	2115
496	743
496	851
496	1492
496	902
496	1367
496	601
496	2266
496	1061
496	1634
496	2275
496	1894
496	2023
496	1900
496	1170
496	2344
496	547
496	2260
496	1275
497	1288
497	505
497	938
497	1468
497	1309
498	1321
498	505
499	2186
499	1837
500	1148
501	1377
501	1529
501	598
502	896
502	770
502	646
502	1961
502	1099
502	1997
502	1294
502	881
502	1075
502	1557
502	1878
502	1500
502	586
503	1296
503	1288
503	1197
503	624
503	1042
503	1204
503	505
504	2627
504	2628
504	1894
504	2407
504	938
504	1970
504	2089
505	598
505	1288
505	1296
505	921
505	1190
505	935
505	1067
505	1199
505	962
505	2376
505	974
505	857
505	864
505	2022
505	1129
505	551
505	2169
506	2496
506	641
506	1602
506	2083
506	2390
506	1799
506	587
506	2604
506	1869
506	2196
506	2197
506	822
506	2233
506	2236
507	2657
510	2049
510	1162
510	1342
510	1338
510	1243
510	2078
511	716
511	2193
511	1973
511	1430
511	827
512	945
512	514
512	756
512	1097
513	1894
513	2335
513	1119
514	2434
514	1978
515	2317
515	2063
515	1307
515	675
515	2087
515	557
515	952
515	1338
515	2238
515	1604
515	1098
515	729
515	730
515	2020
515	2686
515	639
516	1366
516	1423
517	518
517	519
517	520
517	2057
517	2027
517	2085
518	519
518	520
518	2185
518	523
518	524
518	2287
518	1957
518	2086
518	1965
518	2352
518	1883
518	2282
518	1519
518	883
518	758
519	1894
519	520
519	2057
519	1519
519	1562
519	2718
521	2067
521	2243
521	1772
521	525
521	1456
521	1882
521	2143
521	2269
521	2047
522	1418
522	1771
522	1520
522	1427
522	1077
522	1175
523	2053
523	2311
523	524
523	1559
523	2029
523	884
523	902
523	599
523	1789
523	1541
524	1556
524	1657
525	643
525	1442
525	2614
526	1913
526	2415
526	967
527	852
527	1797
528	1039
528	1684
528	1018
528	1663
529	992
529	993
529	708
529	705
529	1207
529	1111
529	984
529	612
529	704
530	1030
530	1321
530	1070
530	1425
530	1018
530	988
530	1021
532	1305
532	1083
532	1190
532	911
534	1026
534	803
534	1720
534	1987
535	2376
535	1231
535	626
535	728
536	1215
537	695
537	1176
537	538
538	1547
538	1955
538	1319
538	954
538	1653
538	1104
538	1105
538	2396
538	2129
538	1520
538	1320
538	2293
538	2039
539	738
539	2243
539	1127
539	1063
539	974
539	2331
539	1211
539	1212
540	1540
540	2194
540	1174
540	794
540	1563
540	1052
540	541
540	2203
540	1574
540	1577
540	2351
540	1588
540	1973
540	1596
540	831
540	2370
540	1868
540	1051
540	2281
540	634
541	1420
541	1106
541	2370
541	1454
542	1865
543	1722
544	2548
544	1907
544	2204
544	2015
545	992
545	929
545	548
545	2024
545	558
545	720
545	918
545	919
545	984
545	1147
545	925
546	2191
546	1073
546	2068
546	2042
546	1789
547	2279
547	2396
547	2034
548	964
548	551
548	558
548	1008
548	1147
550	1895
550	1559
550	2189
550	1454
550	2066
550	2014
550	2039
550	1816
550	2174
551	864
551	962
551	1190
551	935
551	1129
551	1067
551	974
551	1199
551	2169
551	921
552	736
552	962
552	1064
552	1044
552	1686
553	1152
553	1090
553	1190
553	625
553	968
553	1129
553	970
553	1079
553	872
553	951
553	1080
553	921
554	1381
554	1546
554	1547
554	684
554	2128
554	595
556	560
556	1264
556	1286
556	1574
556	1607
556	840
556	1258
556	557
556	1808
556	948
556	852
556	826
556	1501
557	1264
557	1574
557	1808
557	948
557	2298
557	1051
557	1181
558	970
558	1090
558	934
559	960
559	1622
559	2074
560	1664
560	775
560	776
560	1452
560	1219
560	660
560	665
560	1178
560	1179
560	1824
560	1190
560	1193
560	1287
560	1328
560	2609
560	948
560	1466
560	2256
560	1618
560	2259
560	730
560	859
560	2402
560	1252
560	1427
560	2173
561	2188
562	563
562	2439
562	2003
563	1664
563	1379
563	1160
563	1162
563	1099
563	1163
563	1944
563	1620
564	2528
564	1600
564	2340
564	2095
564	2418
564	2229
564	1849
564	2295
566	643
566	1961
566	1973
566	668
567	771
567	646
567	665
567	651
567	1298
567	643
567	791
567	793
567	800
567	673
567	677
567	809
567	815
567	692
567	568
567	569
567	2237
567	703
567	836
567	1736
567	715
567	1484
567	1359
567	2642
567	1627
567	635
567	2025
567	2026
567	2162
567	1427
567	2166
567	759
567	631
568	2215
568	1975
568	817
568	756
568	1174
568	569
569	817
569	1975
569	1174
570	1443
570	1988
570	2652
570	1837
570	1429
570	2628
570	2684
570	1437
570	2430
571	1296
571	1162
571	1758
572	2151
572	1748
572	1365
572	2327
572	2362
572	573
573	2362
573	1748
573	1365
573	2151
574	1312
574	1256
574	1370
574	1222
574	1239
576	2221
576	1264
576	1489
576	2292
576	2576
576	2619
577	1541
577	902
578	2243
578	723
578	597
580	2116
580	1157
580	614
580	1097
580	1136
580	824
580	1053
581	713
582	2097
582	1843
583	584
583	1691
583	1647
584	1696
584	1731
587	1799
587	904
587	939
587	2390
588	2279
588	845
588	2287
588	2032
588	2262
589	756
589	755
590	2348
591	1874
592	1509
593	1293
594	646
594	651
594	940
594	1421
594	880
594	1395
594	885
594	1240
595	1381
595	684
595	2128
595	1556
596	1240
597	1483
597	1587
597	2243
597	857
598	2572
598	653
598	2327
598	796
598	1597
598	1475
598	2376
598	857
598	1249
598	619
599	756
600	992
600	881
600	1580
600	2700
600	1647
600	721
600	602
601	2463
601	1061
601	2023
601	1275
603	1131
603	1006
603	1079
603	1080
603	985
603	988
603	1151
606	2514
606	1259
607	1113
608	2200
608	609
608	643
608	2550
609	2658
609	643
609	2629
609	1991
609	1001
609	816
609	2550
609	1059
609	822
609	664
609	2428
610	1098
610	2132
610	1798
610	1982
611	1244
612	984
612	992
614	1280
614	1217
614	615
614	1098
614	946
614	824
614	1113
614	1053
615	1086
615	1103
616	705
616	617
616	977
616	916
616	984
616	699
617	916
618	1091
618	1062
618	2567
618	1292
618	1457
618	1369
619	1696
619	1249
619	2376
619	653
619	758
619	821
620	1228
621	1127
622	970
622	955
622	1134
622	934
623	976
623	977
623	1108
623	1848
623	2271
624	1733
624	714
624	938
624	939
624	1197
624	879
624	1288
624	1042
624	2099
624	1204
625	968
626	961
626	770
626	995
626	1798
626	801
626	839
626	812
626	802
626	642
626	1040
626	756
626	1264
626	1240
626	830
630	641
630	1675
630	1372
630	1671
631	768
631	1795
631	1412
631	1685
631	791
631	1181
631	806
631	1324
631	948
631	830
631	839
631	841
631	1484
631	854
631	855
631	867
631	1385
631	1386
631	756
631	1258
632	2056
632	713
632	670
632	662
634	770
634	2021
634	1832
634	841
634	756
635	2437
635	774
635	907
635	783
635	1475
635	2068
635	1048
635	798
635	803
635	1575
635	812
635	1075
635	702
635	779
635	1571
635	855
635	864
635	1252
635	744
635	636
636	803
636	1252
636	678
636	774
636	778
636	2222
636	1682
636	835
636	1806
636	761
637	1014
639	1613
639	1488
639	766
639	825
640	1387
641	1121
641	2156
641	1712
642	1665
642	1347
642	1348
642	1324
642	1290
642	1740
642	1356
642	819
642	756
642	1240
642	2298
642	2203
642	1619
642	829
642	1866
643	770
643	2184
643	783
643	787
643	2200
643	665
643	795
643	1438
643	935
643	810
643	815
643	692
643	830
643	1334
643	1484
643	2642
643	1392
643	885
643	2550
643	1403
643	2559
644	800
644	2499
644	716
644	2198
644	824
644	1822
645	1059
646	1665
646	770
646	1795
646	1026
646	1809
646	1667
646	661
646	880
646	1058
646	1571
646	1585
646	812
646	817
646	692
646	2102
646	2233
646	828
646	1736
646	1099
646	1240
646	863
646	867
646	1258
646	1391
646	1264
646	763
646	766
647	2049
647	2147
647	1735
647	1769
647	2160
647	1046
647	2458
647	1659
647	1045
647	1183
649	1444
649	2065
649	830
650	1409
650	866
650	679
650	2152
650	652
650	1261
650	880
650	840
650	786
650	852
650	1404
650	725
651	1347
651	806
651	744
651	1353
651	1298
651	1421
651	1262
651	2192
651	1299
651	756
651	1806
651	1810
651	827
651	1358
652	866
652	1571
652	678
652	679
652	1931
652	786
652	1880
653	1249
653	1475
653	796
653	765
654	1641
654	2058
654	2381
654	2384
654	1916
654	1514
655	1806
656	746
657	1026
657	868
657	2701
657	1866
658	2304
658	674
658	1352
658	1258
658	716
658	2256
658	1621
658	791
658	827
658	1982
659	2337
660	1026
660	774
660	1290
660	791
660	801
660	678
660	1721
660	826
660	1354
660	1141
660	1355
660	1866
660	715
660	1740
660	846
660	847
660	1364
660	997
660	885
660	766
661	706
661	1714
661	758
661	859
662	672
662	2056
662	713
662	2699
662	1997
662	2132
662	888
663	2438
663	1286
663	677
663	678
663	786
663	1171
663	670
663	763
663	1023
664	2658
664	1059
664	1221
664	1755
664	1001
664	2187
664	816
664	1875
664	2388
664	725
664	822
664	1403
665	771
665	707
665	1987
665	802
665	1460
665	2362
665	827
665	1854
665	959
665	1347
665	839
665	854
665	1627
665	735
665	1633
665	2150
665	2151
665	787
665	830
665	2166
666	1345
666	931
666	908
666	1261
666	815
666	867
666	692
666	1110
666	1623
666	2169
667	1347
667	1444
667	1384
667	810
667	779
667	2679
667	1048
667	1348
667	668
667	798
668	1665
668	1795
668	1683
668	2209
668	2470
668	1831
668	1324
668	1841
668	948
668	1334
668	1346
668	1740
668	1619
668	2137
668	863
668	678
668	679
669	1696
669	960
670	1954
670	2340
670	2247
670	713
670	1559
670	1240
670	1812
670	830
670	792
670	1787
670	1215
671	831
671	1738
671	1739
671	844
671	1997
671	2559
671	828
671	863
672	1665
672	2307
672	1540
672	1221
672	710
672	1480
672	1574
672	780
672	1552
672	881
672	2355
672	820
672	789
672	791
672	1403
672	1181
672	1407
673	1172
674	2304
674	836
674	1352
674	2355
674	2571
674	1327
674	2256
674	2545
674	2526
675	768
675	778
675	2448
675	1174
675	1175
675	1241
675	1307
675	1311
675	2238
675	1899
675	724
675	1880
675	2009
675	994
675	742
675	1643
675	1391
676	1450
676	1643
676	1859
676	1623
677	2240
677	770
677	865
677	1744
677	881
677	2115
677	1240
677	863
678	1665
678	1926
678	1346
678	1552
678	789
678	1302
678	1435
678	1313
678	1444
678	692
678	1334
678	1737
678	1356
678	1880
678	859
678	742
678	1384
678	1385
678	917
679	1506
679	786
679	787
679	830
680	1076
680	819
680	1356
681	2681
681	2506
681	756
681	717
681	2068
683	685
684	1381
684	1233
684	1434
685	1568
688	1155
688	1660
689	1728
689	1954
689	1318
689	1513
690	1138
690	983
691	1138
691	1189
691	1086
692	2243
692	2209
692	2537
692	847
692	1361
692	2233
692	1403
692	2109
692	1499
692	2559
693	695
693	1381
693	694
694	695
694	1381
695	1176
697	1993
697	1994
697	2425
697	810
698	805
698	2134
699	1184
699	2562
699	1099
699	708
699	1067
699	977
699	1112
700	925
700	701
701	905
701	925
701	870
702	1075
703	2203
703	1990
703	1256
703	2187
703	2388
703	2676
703	1755
704	705
704	962
704	1139
704	1281
705	962
705	708
705	1224
705	1762
705	1139
705	1211
706	826
706	707
706	756
707	1283
707	2505
707	1298
707	1260
707	1202
707	1935
707	1299
707	948
707	1334
707	1324
707	1048
707	1411
707	799
708	1039
708	1138
708	1086
709	1382
709	1032
709	1067
709	1137
709	1138
709	980
709	949
709	983
709	856
709	956
709	1246
710	1665
710	2599
710	1736
710	1363
710	1328
710	1427
710	1174
710	759
710	2009
710	1631
711	998
711	712
711	718
711	2319
711	1748
711	1726
711	758
711	1908
711	719
712	1500
712	878
713	2337
713	1252
713	1318
713	807
713	748
713	1444
713	1326
713	1327
713	1978
713	743
714	1733
715	859
715	1384
715	1591
715	1868
715	1105
715	2105
715	2166
715	1876
715	793
715	794
715	827
716	830
716	2055
716	2409
716	2199
716	812
716	1240
716	824
716	835
716	1588
716	1822
716	791
716	827
716	1116
716	1982
718	1189
718	719
719	1283
719	1158
719	744
719	1260
719	2141
719	2001
719	1202
719	948
719	888
719	1340
719	1181
719	1022
720	992
720	972
720	918
720	919
720	924
721	2529
721	2055
721	2700
721	2610
721	883
722	1075
722	2402
722	987
722	1190
722	1787
722	1851
722	1915
722	1362
722	2114
722	1809
722	1587
722	1099
722	1585
722	2363
722	1618
722	898
722	1525
723	2277
723	1456
723	2228
723	726
724	1973
724	1623
725	882
726	2500
726	2416
726	914
726	949
726	727
727	2304
727	2498
727	2500
727	1349
727	2416
727	949
727	1469
728	894
728	1962
728	857
729	1921
729	2020
729	849
729	2158
729	2063
729	730
730	1059
730	1314
730	1987
730	2063
730	849
730	850
730	1973
730	952
730	731
730	895
731	849
732	1969
732	2540
733	745
733	2529
734	1144
735	867
735	739
735	2709
735	2382
736	962
736	963
736	1191
738	2331
739	2382
740	2437
740	1734
740	1902
740	1903
740	1266
740	1460
740	1430
740	2647
741	769
742	994
742	931
742	1256
742	810
742	1997
742	1685
742	1174
742	1175
743	2560
743	898
743	1411
743	1416
743	2313
743	778
743	1809
743	1946
743	1574
743	807
743	1450
743	2351
743	818
743	2235
743	1609
743	1356
743	2266
743	1629
743	2153
744	898
744	995
744	1158
744	842
744	1202
744	1283
744	948
744	1446
744	859
744	1150
747	1048
747	1985
747	1370
747	2218
748	1860
748	2676
748	822
748	2388
749	2097
749	1604
749	2527
750	2320
750	1988
754	2552
755	1635
755	2156
756	777
756	1421
756	2115
756	1174
756	1822
756	1188
756	839
756	812
756	1334
756	1719
756	830
756	831
756	1859
756	2247
756	841
756	1496
756	1241
756	1275
756	1252
756	1384
756	2282
756	1395
756	1915
757	777
757	834
758	770
758	2185
758	2086
758	2352
758	2233
758	2619
758	2109
758	1629
758	1249
758	2282
758	883
759	774
759	2348
759	1813
759	761
760	1083
761	1318
761	817
761	2055
761	2604
761	2162
761	855
761	792
761	827
761	1240
762	1369
762	996
762	1129
763	1665
763	1795
763	1446
763	1577
763	780
763	880
763	1552
763	1571
763	2169
763	794
763	828
763	1407
764	1616
764	994
764	1734
764	2666
764	1872
764	2481
764	2516
764	2357
764	2647
765	865
765	2031
765	2032
765	2033
765	1107
765	951
765	1912
765	2689
765	1660
765	2526
766	1632
766	1444
766	774
766	807
766	816
766	1683
766	830
766	827
767	960
767	1191
768	1120
768	1257
768	778
768	1486
768	1391
768	1311
768	835
768	798
768	1367
768	1307
768	1290
768	1631
769	1220
769	1609
769	1129
769	2589
769	1405
769	1181
769	1221
770	896
770	1878
770	1000
770	810
770	1946
770	867
770	1500
770	830
771	1024
771	1302
771	1987
771	2166
771	806
771	778
771	1517
771	1328
771	1427
771	1460
771	854
771	1627
771	1854
773	866
773	1574
774	2599
774	1384
774	859
774	2667
774	1484
774	2222
774	2448
774	2578
774	792
774	2009
774	828
774	798
774	1311
775	1872
775	1863
775	776
775	1867
775	2285
775	1613
775	1395
775	1588
775	1174
775	2071
775	792
775	1241
775	827
776	1872
776	1867
776	1863
776	2071
776	2285
776	1613
776	1395
776	1588
776	1174
776	792
776	827
777	834
777	2203
777	1181
778	1627
778	806
778	1391
778	1880
778	1899
778	1307
778	796
778	2238
779	864
779	1734
779	2068
779	826
779	798
780	1571
780	1540
780	1574
780	817
780	1480
780	2307
780	1517
780	1871
780	1552
780	1576
780	2355
780	820
780	794
780	1435
780	881
782	1353
782	2014
783	898
783	1540
783	2184
783	1026
783	792
783	795
783	1571
783	1576
783	1577
783	1585
783	1973
783	1855
783	1629
783	1575
783	1517
783	1278
784	1552
785	1632
785	1505
785	1868
785	2351
785	1298
785	794
785	1915
785	797
785	1631
786	805
786	907
786	1298
786	1550
786	1394
786	787
786	2294
786	798
787	2619
787	1575
787	907
787	1264
787	839
788	1665
788	1991
788	1324
788	1290
788	1740
788	2222
788	1619
788	948
788	885
788	2516
788	1866
788	798
789	1427
791	2026
791	1389
791	1392
791	1240
791	827
791	1982
792	1391
792	2668
792	2512
792	1683
792	1588
792	1141
792	2394
792	827
792	1822
793	815
793	827
793	1868
793	1359
793	1041
793	1876
793	2166
793	2105
793	859
793	794
794	1920
794	1540
794	2697
794	1552
794	1298
794	798
794	2591
794	1571
794	1574
794	1576
794	1577
794	1973
794	2360
794	2105
794	827
794	2493
794	1353
794	1868
794	1105
794	1498
794	1631
794	2619
794	1575
794	1517
794	1906
795	1855
796	1831
796	1550
796	1517
796	2040
796	1627
797	2307
797	2661
797	2214
797	1613
797	2351
797	2292
797	1174
798	1665
798	1411
798	1924
798	1290
798	807
798	815
798	1841
798	948
798	2236
798	1345
798	1602
798	836
798	1740
798	847
798	855
798	1240
798	828
798	1260
798	885
798	2169
799	1831
799	807
799	1367
799	1048
800	1540
800	2053
800	2184
800	908
800	1427
800	1174
800	1563
800	1571
800	1574
800	807
800	1577
800	1588
800	1210
800	1736
800	1484
800	1486
800	1106
800	995
800	2295
800	1278
801	802
801	854
801	2506
801	814
801	1486
801	1174
801	1258
802	854
802	1353
802	2506
802	1906
802	1486
802	853
802	814
802	1878
802	1258
802	1174
802	959
803	1252
805	871
805	2029
805	1971
805	863
806	1627
806	1486
806	1587
806	1108
806	1240
806	1460
806	1370
806	1854
807	859
807	1290
807	1031
807	1026
807	880
807	1298
807	1299
807	885
807	1048
807	1311
807	1866
808	1864
808	1793
809	1903
809	1393
809	1299
809	1430
810	836
810	812
810	1994
810	908
812	835
812	836
812	1859
812	1403
813	2555
813	2460
813	1117
813	1645
814	2506
814	1174
814	959
815	2567
815	2466
815	839
815	1457
815	2497
815	1091
815	2503
815	1355
815	1997
815	847
815	977
815	852
815	982
815	1369
815	997
815	1256
815	1258
815	1772
816	2658
816	1059
816	1001
816	822
816	1193
817	881
817	1364
818	2403
818	1644
818	1411
818	2649
819	1313
819	1059
819	2404
819	2469
819	2662
819	1809
819	1356
819	1903
819	1361
819	2388
819	822
819	2676
819	1427
820	2401
820	1506
820	2307
820	1540
820	1574
820	2214
820	2535
820	2635
820	1484
820	1613
820	1454
820	1552
820	2355
820	854
820	1174
820	2180
822	1985
822	1930
822	2187
822	1932
822	2451
822	1059
822	1574
822	1193
822	1290
822	961
822	1737
822	2388
822	1877
822	1665
822	1755
822	2141
822	2658
822	1001
822	2550
822	1403
823	1453
823	912
823	925
824	2211
824	2404
824	1158
824	1329
824	2508
824	1425
824	1397
824	1271
824	1469
824	1053
824	1822
824	1301
826	994
826	1607
826	840
826	1781
826	830
827	1421
827	1174
827	1982
827	1347
827	1863
827	1868
827	1872
827	1105
827	1876
827	2105
827	859
827	2071
828	831
828	1347
828	1348
828	2580
828	2559
829	1190
830	1444
830	1318
830	1838
830	1346
830	836
830	1734
830	1354
830	2514
830	2137
830	1121
830	2404
831	1571
831	1540
831	1574
831	1575
831	1577
831	1517
831	2351
831	2194
831	1875
831	1588
831	1174
831	2559
831	1563
833	877
834	2203
834	2580
835	1318
835	2517
836	1403
837	1243
837	838
839	1668
839	1669
839	1431
839	2558
840	994
840	1796
840	1669
840	1607
840	1705
840	2187
840	1805
840	948
840	1781
840	852
841	1287
841	1973
842	2217
842	2640
842	1458
842	1459
842	2587
843	1719
844	1287
845	1253
845	2279
845	1101
845	2287
845	1424
845	1205
845	1846
845	1103
845	1180
845	1245
846	2497
846	2491
846	1799
846	1099
846	1997
846	1869
846	1863
846	2228
846	1461
846	1367
846	847
846	1341
846	1342
847	2304
847	1121
847	2276
847	2055
847	904
847	2209
847	2570
847	2256
847	1367
847	2491
847	2335
849	1347
849	938
849	850
850	1987
850	2289
850	1264
850	1979
850	895
851	2322
851	2053
851	1904
851	2341
851	2224
851	2227
851	1339
851	2260
851	2519
851	2287
851	2418
851	1533
851	1150
852	1665
852	1736
852	1385
852	2162
852	1427
852	1403
853	2400
853	854
854	2400
854	1665
854	2023
854	2263
854	1345
854	1680
854	2226
854	2115
854	948
854	2358
854	1946
854	1627
854	1854
855	1505
855	1506
855	1412
855	1318
855	2381
855	2222
855	1613
855	2384
855	1619
855	1240
855	1402
855	858
857	1508
857	2376
857	1809
857	1554
857	2619
857	1949
857	1951
858	2437
858	2647
858	1709
858	2071
858	2651
858	2238
859	1665
859	1290
859	1427
859	1302
859	1306
859	1328
859	1452
859	948
859	1737
859	1866
859	1740
859	1997
859	1240
859	1444
859	860
859	1260
859	2166
860	2697
860	2378
860	1973
860	2296
860	2074
861	1465
861	2083
861	2015
861	2282
861	1426
861	1962
861	1265
861	2204
861	2236
861	2300
861	1275
861	1464
861	1721
861	2442
861	2490
862	2025
863	2470
863	908
863	1738
863	1484
863	1999
863	1841
863	1407
864	962
864	1067
864	1190
864	935
864	1129
864	974
864	1199
864	2068
864	2169
864	1976
864	921
865	1591
866	1571
866	1574
866	1552
867	880
867	2709
867	2101
868	1075
868	1248
872	1152
872	1090
872	1190
872	1129
872	970
872	1139
872	1079
872	1080
872	921
872	874
874	1794
874	1189
874	1199
874	1167
874	1168
874	2319
874	1909
874	1019
874	892
874	1021
875	2371
875	2248
875	2225
875	980
875	2548
875	2077
876	1894
876	1681
876	883
876	2678
876	2071
876	2044
877	1441
877	1455
878	2203
878	1500
878	1499
878	2543
879	1098
879	939
879	1196
880	1665
880	1667
880	1446
880	1896
880	885
880	2169
881	2229
881	1574
881	1867
881	882
881	1539
881	1973
881	1497
881	2076
881	1557
881	1685
882	1750
883	2304
883	1584
883	1894
883	1958
883	2185
883	2282
883	887
883	2352
883	2303
883	2640
883	1911
883	2086
884	2081
884	2051
884	2053
884	1514
884	2675
884	1972
884	2015
884	2341
885	1665
885	1289
885	1290
885	1991
885	1740
885	2222
885	1619
885	1324
885	948
885	1866
886	1394
886	1724
887	1408
887	1187
887	2116
887	2217
887	1346
887	2351
887	2640
887	2296
887	2137
887	2587
887	2303
888	1509
888	1260
888	2141
888	1202
888	948
888	1181
888	1022
890	1314
890	2344
890	2259
890	2167
890	2168
890	895
891	2168
891	2167
892	2319
892	2613
892	2167
892	2639
893	1570
893	2024
893	1352
893	1522
894	1504
894	1508
894	1572
894	1883
894	925
895	1987
895	2167
895	2168
896	2177
896	1878
896	2694
896	1863
896	1608
896	1099
896	1294
896	2223
896	1685
896	2169
896	2232
896	1946
896	2202
897	1273
897	1778
897	1765
898	1026
898	1416
898	1809
898	1571
898	1575
898	1585
898	1590
898	1851
898	1597
898	1241
898	2363
898	1508
898	1362
898	1263
898	2303
901	1507
901	1501
902	2053
902	2572
902	1294
902	1541
902	1960
902	1962
902	2353
902	1907
902	954
902	1597
902	2115
902	1492
902	2275
902	1511
902	1900
902	2671
902	2344
902	2260
902	1275
902	1535
903	1754
903	1906
903	1501
903	1487
904	1550
904	2267
905	1520
905	962
905	955
905	1231
906	2080
906	2084
906	2054
906	1895
907	1506
907	1278
908	1345
908	1615
908	2579
908	1273
908	2620
908	1866
909	910
909	2095
909	2035
910	2095
911	1190
911	1168
911	1305
911	1083
912	1147
912	975
912	1077
913	2465
913	2671
913	1118
914	1188
914	1003
914	1903
914	1905
915	1080
915	931
915	1079
916	984
917	1807
917	2450
917	1174
917	2071
917	1048
917	1051
917	2210
917	1318
917	1720
917	2235
917	1213
917	2238
917	959
917	1734
917	1873
917	978
917	1629
917	1630
917	1384
917	2409
917	1269
917	2683
918	992
918	972
918	919
918	924
919	1125
919	1063
919	936
919	1226
919	942
919	1007
919	1208
919	1148
920	1168
920	1441
920	1909
920	1167
921	1152
921	962
921	1190
921	935
921	1067
921	1068
921	1199
921	1079
921	1080
921	1090
921	970
921	974
921	2169
921	1297
921	1129
922	1272
922	1273
922	1765
923	1546
923	1695
924	1165
925	1504
925	1690
927	997
927	951
928	948
928	939
928	1196
928	2327
929	936
929	930
929	1185
931	1971
931	1623
932	975
933	961
933	1068
934	1147
934	970
934	1090
935	962
935	1190
935	1735
935	1129
935	1098
935	1067
935	974
935	1199
935	1162
935	1161
935	2169
935	1177
935	1082
935	1194
936	1185
936	1071
936	1072
936	2287
937	1148
937	1098
938	1347
938	1894
938	2089
939	1196
940	1139
940	941
941	1139
942	951
942	975
943	1219
943	1787
943	2472
943	1227
943	949
943	2264
943	1051
943	1247
944	945
944	1130
944	983
945	1446
945	2344
945	1425
945	1011
945	1339
945	1053
946	2275
946	1357
946	2309
947	2112
947	2016
947	1457
948	1665
948	1172
948	1283
948	1924
948	1158
948	1289
948	1290
948	2451
948	1219
948	1173
948	1302
948	2327
948	1048
948	1181
948	1824
948	2438
948	1286
948	2405
948	1193
948	1324
948	1326
948	1327
948	2609
948	1202
948	1334
948	1340
948	1607
948	1737
948	1866
948	1740
948	2001
948	1619
948	1241
948	2141
948	1631
948	1252
948	1260
948	1902
948	1363
948	1795
948	1022
949	1219
949	1382
949	2264
949	1787
950	951
950	1063
951	961
951	963
951	1189
951	1309
952	1921
954	2689
954	2058
954	1557
954	2594
954	2215
954	1960
954	2350
954	1073
954	1463
954	1848
954	1722
954	2371
954	2396
954	1516
954	2030
954	2031
954	2032
954	2165
954	2039
955	1176
955	962
955	1078
956	1032
956	1372
957	1227
957	2215
958	1211
958	1212
958	1127
959	1124
959	1258
959	1720
959	2557
959	1630
960	962
960	1044
960	1078
960	1561
960	1209
961	963
961	2550
961	1227
961	1240
961	1189
962	1281
962	1291
962	1044
962	1176
962	1190
962	1067
962	1199
962	1078
962	1212
962	1191
962	974
962	975
962	1211
962	1129
962	2169
963	1240
965	2568
966	1093
967	2415
967	1435
967	1308
967	1181
969	1090
969	2155
969	1235
969	1015
969	1081
969	979
970	1152
970	1090
970	1190
970	1129
970	1079
970	1080
972	1063
972	1165
972	974
972	975
974	1067
974	1190
974	1191
974	1039
974	1199
974	975
974	1129
974	2169
974	1050
974	1063
975	992
975	1211
975	1076
975	1147
975	1212
975	1077
976	977
976	978
977	1787
977	1223
977	1101
977	1422
977	978
977	982
977	983
978	2498
978	2500
978	2442
978	1422
978	2416
978	1051
979	2155
979	1235
980	1058
980	1137
980	1138
980	983
982	1106
982	1023
982	983
983	1224
983	1138
983	1023
983	1246
983	1093
984	992
984	993
984	1185
984	1570
984	1081
984	1279
985	1096
985	1106
985	1080
985	1210
985	988
987	1187
987	1301
987	1190
987	1099
987	1075
987	1618
987	2391
987	1525
988	1777
988	1096
988	1131
988	1234
988	1006
988	1224
988	1111
988	1080
988	1337
990	1251
990	1188
990	1157
991	1008
992	993
992	1528
992	2700
992	1211
992	1212
993	1640
993	1279
994	1175
994	1174
994	2647
996	1136
997	1761
997	1133
997	1337
997	1336
997	1145
998	1035
998	1075
998	1309
1000	1001
1001	1312
1001	2658
1001	1059
1001	1222
1001	2514
1002	1003
1003	1188
1003	1905
1004	1528
1004	1531
1004	1532
1005	1031
1006	1224
1006	1131
1006	1079
1007	1208
1007	2308
1009	1361
1010	2272
1010	1083
1010	1156
1011	1349
1011	1158
1011	1446
1011	1097
1011	1455
1011	1339
1012	1905
1013	2568
1013	1369
1013	2700
1013	2613
1013	2592
1014	1091
1015	1893
1016	1161
1017	1018
1017	1165
1017	1807
1018	1507
1018	1070
1018	1039
1018	1684
1018	1663
1019	1794
1019	1189
1019	1321
1019	1167
1019	1168
1019	1909
1019	1020
1019	1021
1020	1321
1020	1021
1021	1794
1021	1189
1021	1167
1021	1168
1021	1909
1022	2023
1022	2248
1022	2281
1022	1615
1022	1946
1022	1181
1022	1301
1023	1171
1024	1178
1024	1427
1024	1685
1026	2216
1026	2162
1026	1748
1026	2415
1027	1292
1027	1062
1027	1279
1028	1247
1030	1157
1032	1071
1033	1034
1033	1147
1035	2097
1035	1036
1036	2609
1037	1108
1037	2705
1037	1964
1037	1053
1037	1253
1038	1184
1038	2508
1038	1772
1039	1139
1039	1663
1040	1057
1041	1301
1041	1735
1042	2057
1042	1938
1042	1204
1043	1767
1043	1130
1043	2224
1043	2322
1043	2260
1043	2646
1043	2489
1044	1057
1044	1064
1045	1659
1046	2049
1046	2147
1046	2564
1046	1769
1046	2160
1046	2167
1046	2168
1047	1048
1048	1311
1048	1202
1049	1309
1050	1318
1051	2194
1051	1264
1051	1720
1051	2298
1051	1052
1051	1247
1052	1968
1053	1217
1053	2705
1055	1082
1055	1831
1056	1198
1058	1456
1058	2319
1059	2658
1059	1990
1059	1863
1059	1997
1059	1341
1059	2388
1059	2493
1059	2203
1060	1262
1061	2023
1061	1275
1062	1125
1062	2155
1062	1292
1062	1166
1062	1456
1062	1091
1062	1430
1062	1369
1062	1850
1062	1455
1062	1797
1063	1191
1063	1226
1063	1211
1063	1148
1064	1350
1064	1319
1064	1104
1065	1066
1066	1617
1066	1472
1066	2142
1066	2103
1067	1190
1067	1129
1067	1199
1067	1138
1067	2169
1067	1246
1068	1297
1068	1079
1069	1319
1070	1371
1071	1442
1071	1072
1072	1442
1073	2594
1073	2371
1073	2215
1073	2350
1073	2191
1073	2032
1073	2165
1073	1848
1073	2031
1073	2396
1073	1114
1074	2601
1074	1333
1075	1187
1075	1190
1075	1863
1075	1099
1075	1997
1075	1618
1075	1525
1076	1077
1077	1959
1077	1503
1077	2335
1078	1191
1078	1209
1079	1152
1079	1090
1079	1190
1079	1129
1079	1080
1080	1152
1080	1090
1080	1190
1080	1131
1080	1587
1080	1129
1081	1262
1081	1185
1082	1177
1082	1735
1083	1190
1083	1096
1083	1138
1083	1136
1083	1305
1086	1189
1086	1305
1087	1924
1088	1089
1088	1316
1089	1193
1089	1316
1089	1146
1090	1152
1090	1129
1090	1190
1091	1187
1091	1125
1091	2567
1091	2568
1091	1457
1091	1369
1093	1098
1093	1247
1093	1164
1094	1539
1096	1224
1096	1234
1096	1138
1096	1151
1097	1157
1097	1136
1097	1140
1097	1339
1097	1246
1098	1161
1098	1930
1098	1177
1098	1314
1098	1445
1098	1192
1098	1194
1098	2363
1098	1162
1098	1604
1098	2263
1098	2031
1098	2217
1098	2425
1099	2177
1099	2562
1099	1294
1099	1685
1099	1184
1099	1187
1099	1190
1099	1961
1099	1461
1099	1664
1099	1341
1099	1863
1099	1997
1099	1618
1099	1525
1099	2169
1100	1456
1100	2277
1101	1784
1104	1955
1104	1520
1104	1105
1104	2293
1105	1520
1106	1184
1106	2298
1106	1264
1106	1234
1106	1587
1106	1111
1106	1210
1107	1944
1108	1761
1108	1758
1109	1780
1110	2073
1111	1668
1111	1253
1111	1766
1111	1131
1111	1206
1111	1669
1112	1442
1112	2614
1113	1122
1113	2115
1113	2116
1113	2263
1113	1166
1113	1904
1113	2231
1113	1721
1113	1274
1113	1275
1113	2010
1113	1150
1114	2112
1114	2594
1114	2215
1114	2165
1114	1848
1115	1698
1115	2546
1115	2711
1115	1701
1117	2597
1117	2460
1117	1645
1118	1429
1118	1822
1119	2504
1119	1944
1119	1325
1120	2049
1120	1155
1120	1197
1120	1166
1120	2165
1120	1848
1120	1893
1121	2404
1121	1349
1121	1446
1122	1680
1123	1292
1123	2590
1125	2251
1125	1166
1125	1274
1126	1873
1126	2135
1127	1165
1128	1440
1128	1201
1129	1152
1129	1190
1129	1199
1129	2169
1129	1268
1130	2548
1133	2425
1133	1292
1134	1147
1136	1140
1137	1138
1137	1782
1137	1253
1138	1250
1140	1333
1141	2466
1141	1732
1142	1250
1143	1183
1145	2274
1145	1761
1145	1162
1145	1422
1146	1602
1146	1316
1146	2636
1146	1744
1146	2236
1147	1226
1148	1226
1148	1236
1148	1237
1150	2227
1150	1907
1150	1904
1150	2010
1150	1339
1152	1190
1153	1154
1153	2663
1153	2348
1154	2663
1154	2531
1154	1519
1154	1203
1155	2049
1155	1162
1155	1593
1156	2272
1158	1665
1158	1283
1158	2404
1158	1446
1158	1736
1158	1737
1158	1290
1158	1202
1158	1257
1160	1161
1160	1162
1160	1163
1160	2103
1160	1208
1161	1251
1161	2182
1161	1705
1161	1335
1161	1194
1161	1177
1161	1162
1162	2183
1162	1163
1162	1296
1162	1303
1162	2333
1162	1194
1162	2359
1162	1208
1162	1593
1162	1338
1162	2631
1162	2617
1162	1243
1162	2274
1162	1659
1163	1944
1164	1256
1164	1762
1164	1331
1164	1222
1166	2115
1166	2116
1166	1524
1166	1167
1166	1168
1166	2165
1166	1909
1166	2231
1166	1848
1166	1274
1166	2587
1167	1794
1167	1189
1167	1168
1167	1909
1168	1441
1168	1794
1168	1909
1168	1189
1169	1193
1169	1243
1169	1638
1172	1632
1172	2327
1172	1366
1172	2635
1172	1466
1172	1173
1172	1910
1172	1175
1172	1597
1172	1174
1172	2591
1173	1466
1173	1174
1173	1175
1173	1370
1173	2591
1174	1540
1174	1416
1174	1175
1174	1588
1174	2194
1174	1427
1174	2071
1174	1946
1174	2203
1174	2214
1174	1961
1174	2218
1174	2351
1174	1975
1174	2361
1174	2184
1174	2238
1174	1985
1174	1506
1174	1613
1174	1241
1174	1242
1174	1244
1174	2270
1174	1563
1174	1574
1174	1559
1174	1643
1174	2285
1174	1454
1174	1577
1175	1241
1175	1574
1175	2270
1175	1366
1177	2049
1177	1251
1177	1735
1177	1194
1177	1183
1178	1287
1178	1784
1178	1179
1179	2123
1179	1466
1180	2275
1180	1357
1180	1253
1181	1220
1181	1221
1181	1609
1181	2405
1182	1684
1183	2049
1183	2315
1183	1659
1183	2581
1184	1225
1185	2164
1186	1228
1187	2567
1187	1457
1187	1369
1188	1251
1188	1905
1189	1794
1189	1227
1189	1309
1189	1909
1190	1305
1190	1199
1190	1587
1190	1618
1190	2169
1190	2402
1190	1525
1192	1314
1193	1824
1193	1316
1193	2609
1193	1214
1193	1219
1193	2639
1193	1243
1193	1252
1193	1638
1194	2696
1194	1711
1194	2713
1195	1234
1197	2021
1197	1288
1197	2645
1198	1995
1199	1592
1199	2169
1201	1440
1201	1429
1201	1431
1202	1283
1202	1260
1202	2141
1203	1344
1203	2531
1203	2218
1203	2351
1203	2313
1203	1498
1203	2140
1203	1973
1204	2098
1205	1206
1206	1453
1208	2339
1208	2226
1211	1620
1211	1212
1212	1620
1213	1241
1213	2450
1214	1462
1214	1304
1215	1812
1216	2123
1217	1280
1217	1865
1218	1219
1218	2116
1218	2568
1218	2165
1218	1848
1218	1369
1219	1824
1219	1252
1219	2609
1219	2472
1219	2264
1219	1786
1219	1787
1220	1221
1221	1609
1222	1312
1222	1708
1222	1860
1222	1256
1223	1779
1223	1766
1223	2423
1224	1762
1224	1246
1225	2445
1225	1267
1225	1909
1225	1848
1225	2165
1229	2181
1229	2182
1229	1780
1229	1406
1229	2527
1230	1856
1230	1355
1231	1520
1232	1662
1234	1305
1234	1758
1236	1889
1236	1237
1237	1249
1237	2456
1237	2043
1237	1373
1238	1462
1239	2621
1240	1985
1240	1302
1240	1831
1240	2604
1240	2144
1241	2433
1241	1921
1241	1290
1241	1574
1241	2363
1241	1740
1241	1613
1241	1242
1241	2270
1241	2271
1241	1506
1241	2214
1241	2172
1242	1574
1242	1290
1242	1740
1242	1613
1242	1517
1242	2270
1242	2591
1243	1638
1243	2639
1243	1983
1245	1964
1249	2256
1249	1489
1249	1475
1249	2490
1249	1501
1252	1807
1252	1310
1252	1824
1252	1326
1252	1327
1252	2609
1252	1631
1252	1254
1253	2287
1253	2705
1254	1665
1254	1446
1254	1604
1254	1317
1256	1312
1256	2466
1256	1860
1256	1705
1256	2388
1256	1461
1256	1755
1257	1446
1258	1991
1258	2222
1258	2557
1258	1264
1259	1391
1260	1665
1260	1924
1260	1283
1260	1737
1260	1290
1260	1740
1260	1902
1260	2451
1260	1340
1260	1302
1260	1289
1260	1619
1260	2141
1261	1409
1261	1318
1261	1670
1261	2152
1261	2153
1261	1644
1261	1393
1261	1299
1261	1404
1263	2024
1263	1973
1263	2313
1263	2363
1264	2221
1264	2102
1264	2619
1264	1987
1264	2298
1265	1325
1265	1426
1265	1464
1265	1465
1266	1665
1266	1324
1266	1362
1266	1903
1266	1267
1266	1460
1266	1430
1266	2071
1266	1860
1267	1665
1267	1324
1267	2071
1267	1362
1269	2023
1269	1873
1269	2648
1269	2683
1269	2238
1270	1376
1270	2212
1270	1765
1270	2251
1270	1336
1270	1271
1270	1272
1270	1785
1270	1273
1271	1765
1271	1766
1271	1840
1271	1521
1271	1273
1271	1785
1271	1818
1271	1596
1271	1272
1272	1376
1272	1860
1272	1765
1272	1448
1272	1772
1272	1803
1272	1836
1272	1779
1272	1461
1272	2423
1272	1336
1272	1785
1272	1273
1273	1376
1273	1766
1273	2182
1273	1772
1273	1336
1273	1785
1274	2231
1274	1275
1275	2344
1275	1962
1275	2644
1275	1907
1275	1721
1275	2490
1275	2115
1275	2083
1275	1492
1275	2263
1275	2275
1275	2023
1275	2282
1275	1900
1275	2139
1275	2260
1275	2300
1277	1278
1278	1377
1278	1563
1278	1574
1278	1514
1278	1572
1278	1585
1278	1571
1278	1973
1278	1527
1278	1540
1279	1292
1284	1285
1286	2438
1286	1808
1287	1408
1287	2068
1287	2069
1287	1450
1287	2353
1287	1973
1287	1353
1287	2248
1287	2506
1287	2526
1287	2400
1287	1575
1287	1918
1288	1952
1288	1296
1289	1290
1289	1740
1290	1665
1290	1302
1290	2451
1290	1430
1290	1356
1290	1324
1290	2616
1290	1340
1290	1736
1290	1737
1290	1866
1290	1740
1290	1619
1290	2516
1290	2141
1290	1902
1290	1915
1291	1711
1292	1315
1292	2515
1293	1309
1293	1381
1294	2177
1294	1665
1294	1736
1294	1961
1294	1313
1294	1809
1294	1685
1294	1910
1294	1356
1294	1597
1298	1384
1298	1358
1298	1299
1299	1665
1299	2123
1299	2150
1299	1322
1299	1324
1299	1358
1299	1318
1299	1334
1299	1323
1299	2587
1299	1407
1300	2338
1300	1892
1300	1974
1301	1349
1301	2248
1301	2281
1301	1425
1301	2163
1302	1665
1302	1736
1302	1737
1302	1740
1302	1997
1302	1452
1302	2166
1302	1306
1302	1866
1302	1854
1303	2048
1303	2049
1303	2182
1303	2183
1303	1780
1303	1335
1303	2458
1303	1338
1303	2174
1304	1905
1305	2318
1305	1782
1305	1375
1306	1665
1306	1345
1306	1736
1306	1328
1306	1362
1306	1427
1307	1899
1307	1391
1307	1880
1307	2238
1309	1381
1309	1373
1310	1858
1310	2181
1310	2122
1310	1835
1310	2125
1310	2286
1310	2478
1310	2510
1310	1788
1311	2599
1311	2448
1311	2578
1311	2009
1311	2667
1312	1860
1312	2315
1312	1708
1313	1665
1313	1361
1313	1736
1313	1324
1313	2635
1313	1356
1313	1809
1313	1585
1313	1367
1313	1597
1314	2168
1315	2515
1318	1478
1318	1991
1318	2537
1318	2476
1318	1838
1318	2222
1319	1547
1319	1320
1319	1653
1320	1547
1320	1653
1322	1323
1322	1324
1322	1358
1323	1385
1323	1324
1323	1358
1324	1665
1324	1795
1324	1334
1324	1346
1324	2209
1324	1356
1324	1866
1324	1740
1324	1619
1324	2516
1324	2137
1325	1954
1325	2472
1325	2032
1325	2248
1326	1327
1326	1409
1327	1409
1327	1393
1328	1444
1328	1736
1328	1452
1328	1427
1328	1438
1329	2539
1330	1767
1330	1442
1330	2614
1331	1762
1332	1619
1334	1665
1334	1795
1334	1345
1334	1384
1334	1484
1334	1346
1334	2137
1335	2182
1336	1376
1336	1617
1336	1337
1337	1617
1338	2359
1338	1342
1338	2617
1339	2227
1339	1904
1339	1907
1340	1902
1340	2001
1340	2141
1341	1891
1341	1799
1341	1997
1341	1869
1341	1863
1341	1461
1341	1342
1341	1343
1342	1799
1342	1461
1342	1869
1342	2228
1342	1343
1343	1891
1343	1446
1343	1461
1344	2457
1344	2531
1344	2113
1345	1665
1345	1795
1345	1395
1346	1408
1346	1795
1346	1384
1346	1484
1346	2640
1346	1347
1346	1398
1346	2137
1346	1403
1347	1920
1347	1633
1347	1348
1347	1385
1347	1484
1347	1421
1347	2192
1347	1813
1347	2137
1348	1385
1348	1813
1349	2498
1349	2500
1349	1446
1349	2445
1349	1422
1349	2416
1349	1425
1350	1697
1350	1654
1350	1655
1351	1761
1351	1372
1352	2304
1352	2085
1352	2086
1352	2666
1352	2256
1352	2257
1352	2260
1353	1408
1353	2192
1353	1571
1353	1868
1353	1575
1353	2306
1353	2360
1353	1906
1353	1878
1354	1355
1355	2497
1355	1772
1355	1997
1356	1665
1356	1361
1356	1736
1356	2153
1356	1740
1356	1367
1356	1597
1357	2275
1357	2309
1357	2354
1357	2227
1357	2389
1358	1367
1358	1471
1360	1384
1361	1669
1361	1903
1361	1455
1361	1403
1361	2109
1362	1665
1362	2635
1362	2031
1362	1809
1362	1585
1362	2363
1363	1632
1363	1984
1363	1986
1363	1985
1363	2218
1363	1624
1363	1976
1363	2292
1363	1756
1363	1631
1364	1367
1364	1365
1364	2263
1364	1720
1365	1747
1365	1495
1365	1748
1367	1831
1367	1665
1367	1849
1367	1486
1367	1471
1367	2256
1368	1600
1368	2282
1369	2567
1369	2568
1369	2592
1369	1457
1369	1847
1369	1848
1369	2116
1369	2503
1369	2165
1369	2422
1370	1466
1373	2147
1375	1762
1375	1759
1376	1765
1376	2439
1376	1448
1378	1379
1378	2100
1378	2439
1379	2439
1381	1610
1381	1611
1381	1612
1381	1654
1381	1655
1381	1656
1381	1689
1382	2237
1384	1385
1384	1386
1384	1484
1384	1933
1384	1398
1384	2137
1385	1412
1385	1940
1385	1403
1386	1409
1386	1671
1386	1935
1389	1392
1390	1407
1391	1806
1393	1409
1394	1475
1394	1724
1395	2091
1395	1665
1395	2637
1398	1933
1398	2137
1398	1403
1399	2140
1399	1985
1399	2218
1399	2292
1402	1505
1402	1506
1402	1682
1402	1613
1403	1920
1403	2144
1403	2388
1403	2137
1403	1755
1403	2559
1405	1672
1406	2181
1406	2182
1406	1929
1406	1713
1406	1780
1407	1665
1408	1571
1408	1572
1408	1575
1408	2306
1408	1810
1408	1590
1408	2137
1409	1411
1409	2152
1410	1707
1411	1644
1412	1619
1413	1760
1413	2423
1414	1418
1414	1933
1414	1415
1415	2411
1416	1427
1416	1975
1418	1933
1420	2321
1420	1973
1421	1920
1421	2153
1421	1806
1421	2136
1422	2442
1422	2478
1422	1743
1423	2070
1424	1448
1424	1777
1424	1770
1424	1782
1425	1762
1425	2163
1425	1430
1426	2265
1426	1464
1426	1465
1427	1665
1427	1430
1427	1435
1427	1438
1427	1452
1427	1975
1427	1736
1428	1969
1428	2716
1428	1716
1429	1440
1429	1837
1429	1822
1429	1437
1430	2155
1430	2437
1430	1455
1430	1460
1430	1850
1430	1734
1430	1736
1430	2256
1430	2647
1430	2141
1430	1899
1430	1902
1431	1440
1431	1437
1432	1449
1432	1620
1433	1505
1435	2400
1435	1665
1435	1574
1435	1576
1435	2155
1435	1552
1435	1946
1435	1871
1435	1468
1435	1438
1436	1438
1437	1445
1437	2007
1437	1837
1437	1974
1438	1665
1438	1468
1441	1909
1442	2614
1443	2179
1443	1764
1443	2310
1443	2652
1443	2717
1443	2513
1443	2674
1443	2628
1443	2684
1443	2013
1443	1822
1443	2719
1444	1452
1445	1603
1446	2434
1446	2163
1446	2411
1446	1524
1446	1461
1446	2395
1447	1448
1447	1671
1448	1728
1448	2405
1448	2439
1448	1770
1448	2433
1448	2172
1450	2560
1450	1859
1450	1574
1450	1643
1450	1973
1450	1540
1450	2235
1451	1733
1452	2166
1453	1587
1454	2370
1454	1973
1454	1559
1454	2174
1455	2155
1455	1850
1456	1924
1456	2277
1456	2280
1456	1997
1456	2319
1456	1797
1456	1850
1456	2269
1456	2047
1457	2567
1457	2568
1457	2227
1457	1847
1457	1848
1457	2112
1457	2369
1457	2116
1457	2246
1457	2015
1457	2016
1457	2165
1457	2422
1458	1459
1458	2572
1459	1869
1460	1627
1460	1854
1461	2211
1461	1860
1461	1863
1461	1705
1461	1997
1461	2076
1461	1596
1462	1890
1462	1700
1462	2182
1462	1688
1462	1689
1463	2032
1463	2350
1463	2030
1463	2031
1464	2023
1464	2412
1464	1465
1464	1470
1465	2323
1465	2228
1467	2212
1467	2405
1467	1702
1467	1617
1467	2008
1467	1784
1467	1757
1468	1571
1468	1575
1468	1805
1468	1590
1468	1669
1469	1772
1469	2211
1469	2508
1470	2023
1470	2412
1470	1592
1470	2687
1471	2508
1471	1823
1472	1617
1472	1620
1472	2142
1475	2437
1475	1488
1476	1539
1480	2330
1483	1792
1483	2660
1483	1884
1484	2320
1484	1619
1484	2137
1484	1631
1486	2437
1486	2600
1486	2474
1486	2222
1486	2580
1488	1489
1488	2706
1489	1602
1489	1869
1489	2236
1490	2709
1491	1947
1492	2195
1492	2463
1492	2344
1492	1962
1492	2115
1492	2260
1492	2275
1492	1900
1492	1907
1492	2267
1493	1578
1493	2314
1493	1642
1494	2138
1495	1918
1495	2610
1495	2103
1495	2047
1496	2258
1497	2380
1497	2257
1497	2291
1497	2588
1498	2340
1498	1906
1498	1973
1498	2229
1499	2666
1499	2543
1499	2233
1499	2203
1499	1500
1499	2109
1500	2543
1501	1600
1501	1507
1501	2340
1501	1559
1501	1607
1501	1588
1501	2229
1502	2252
1505	1506
1505	1613
1505	1934
1505	1631
1506	2214
1506	1613
1507	1542
1507	1581
1508	1572
1508	1582
1508	1809
1508	1842
1508	1949
1509	2272
1511	1956
1511	1541
1511	2352
1511	2353
1511	2131
1511	2324
1511	2296
1513	1954
1513	2058
1513	2299
1514	2081
1514	2675
1514	2276
1515	2368
1515	2229
1516	2273
1516	1722
1516	2058
1517	1540
1517	2697
1517	1552
1517	2068
1517	1563
1517	2591
1517	1571
1517	1574
1517	1576
1517	1577
1517	1588
1517	1854
1517	1859
1517	1868
1517	1877
1519	2282
1519	1555
1520	1645
1520	2061
1520	2293
1520	2006
1521	1595
1521	2011
1521	2094
1521	1840
1521	2297
1521	1817
1521	1818
1521	1819
1521	1596
1523	1524
1524	2434
1524	2587
1525	2402
1525	1618
1525	1587
1528	2299
1528	2641
1530	1791
1531	1532
1533	1901
1534	1556
1534	1653
1534	1657
1538	2306
1538	1906
1539	2029
1539	2675
1539	1685
1539	2335
1539	1557
1540	2560
1540	1985
1540	2184
1540	1552
1540	2194
1540	2285
1540	1563
1540	1571
1540	1574
1540	1575
1540	1576
1540	1577
1540	2351
1540	2355
1540	1588
1540	2235
1540	1613
1540	1875
1540	2401
1540	2535
1540	2295
1541	2053
1541	2353
1541	1554
1542	2340
1542	2229
1542	1560
1543	1544
1543	2640
1543	2434
1543	1545
1544	2560
1544	2235
1544	1574
1546	1547
1546	2128
1546	1653
1547	2128
1548	1800
1548	1956
1549	1639
1549	2346
1549	1973
1550	2153
1550	2559
1552	1574
1552	1576
1552	2355
1552	1871
1552	1571
1552	2307
1553	1569
1553	1634
1553	2302
1553	1881
1554	1874
1555	2282
1556	2128
1556	1657
1557	2610
1557	2103
1557	2047
1558	1642
1559	1954
1559	2243
1559	2340
1559	2029
1559	1789
1559	2066
1559	2174
1562	2299
1563	1571
1563	1574
1563	1577
1563	2351
1563	2194
1563	1588
1564	2065
1564	1852
1565	1573
1565	1566
1566	1573
1566	1693
1571	1665
1571	2457
1571	1574
1571	1588
1571	1590
1571	1920
1571	1875
1571	1876
1571	1575
1571	1577
1573	1693
1574	2560
1574	2307
1574	2697
1574	2194
1574	2068
1574	2076
1574	2591
1574	1576
1574	2351
1574	1631
1574	1985
1574	1859
1574	2358
1574	1868
1574	1588
1574	1877
1574	1871
1574	2400
1574	2401
1574	2235
1574	2535
1574	1577
1575	2229
1575	2457
1575	1973
1575	1590
1575	1875
1575	1899
1576	1602
1576	2598
1576	1577
1576	2032
1576	2065
1576	2511
1576	1871
1577	2351
1577	2194
1577	1588
1577	2295
1581	2156
1582	1842
1582	1949
1583	1592
1585	2400
1585	2635
1585	1809
1585	2303
1586	2690
1587	2402
1587	1618
1587	1685
1588	2194
1588	2394
1588	1822
1588	2340
1588	2351
1588	2229
1588	1600
1588	2512
1588	2668
1592	2687
1594	1696
1594	2706
1595	2434
1595	2011
1595	2094
1595	1840
1595	2105
1595	2297
1595	1817
1595	1818
1595	1819
1595	1596
1596	1860
1596	1705
1596	2297
1596	2094
1596	1840
1596	1817
1596	1818
1596	1819
1597	2177
1597	1665
1597	2572
1597	1809
1597	1736
1597	2400
1597	1647
1597	1910
1597	2301
1600	2113
1600	2340
1600	2535
1600	2282
1600	2295
1600	1751
1600	1849
1600	1845
1601	2223
1602	2083
1602	2058
1602	2636
1602	2196
1602	2197
1602	2233
1602	2236
1603	2161
1603	2036
1603	2255
1605	2170
1607	1808
1608	2632
1610	1611
1610	1612
1610	1654
1610	1655
1610	1656
1610	1689
1611	1612
1611	1654
1611	1655
1611	1656
1611	1689
1612	1654
1612	1655
1612	1656
1612	1689
1613	2214
1613	2351
1613	1985
1613	2270
1613	2285
1613	1915
1614	2097
1614	1659
1615	2023
1615	1896
1615	2281
1615	1867
1615	2253
1615	2579
1615	1859
1616	2481
1617	1772
1617	1757
1618	2402
1618	2386
1619	1665
1619	1740
1619	1737
1619	2141
1619	1866
1621	2256
1622	1745
1622	2013
1623	2647
1624	1632
1624	2386
1624	1986
1627	2166
1627	1831
1629	2210
1629	2662
1629	1734
1629	2071
1629	1720
1629	2235
1630	1720
1630	1734
1631	1930
1632	1986
1632	2386
1633	1878
1634	1894
1634	1881
1634	2302
1637	1702
1637	2175
1641	1746
1642	2314
1644	2153
1645	1668
1645	2597
1645	2138
1645	2555
1645	2460
1648	2243
1648	2189
1648	1881
1648	1657
1648	2302
1648	2111
1650	1658
1650	1651
1651	1658
1652	2185
1652	2098
1654	1697
1654	1656
1654	1688
1654	1689
1654	1661
1654	1655
1655	1697
1656	1697
1656	1688
1656	1689
1656	1661
1657	2347
1657	2189
1657	1695
1659	2564
1659	1735
1659	2160
1659	2458
1662	2078
1665	1795
1665	2451
1665	2587
1665	2616
1665	1860
1665	1736
1665	1737
1665	1866
1665	1740
1665	2141
1665	2144
1665	1902
1665	2169
1666	2050
1667	2620
1667	2126
1668	1669
1668	2558
1669	2558
1675	1838
1676	2305
1678	1679
1680	2115
1680	2358
1680	2028
1680	2226
1680	2258
1680	2263
1682	1717
1683	1896
1683	1813
1684	1843
1685	2177
1685	1863
1685	2209
1685	1997
1686	2179
1686	2522
1687	2355
1687	1759
1688	1697
1688	1689
1698	1699
1700	2147
1702	1764
1702	1703
1702	2643
1702	2008
1702	1757
1702	2175
1703	2008
1703	2643
1703	1764
1703	1757
1704	1796
1705	2211
1705	1860
1705	2076
1707	2119
1708	1860
1709	2306
1709	2192
1709	1906
1709	1973
1709	2697
1711	2713
1712	1730
1713	1929
1716	1969
1720	2210
1720	1734
1720	2071
1721	2115
1721	2263
1721	2300
1722	1992
1722	2058
1723	2272
1723	2387
1723	1980
1725	1756
1726	2319
1726	1908
1730	1874
1731	2314
1731	2159
1731	1883
1734	2210
1734	2071
1734	1903
1734	1872
1734	2162
1734	2516
1734	2647
1734	2651
1734	2357
1736	1795
1736	1737
1736	2144
1737	1740
1737	1902
1737	2451
1737	2141
1737	1866
1738	1739
1740	1795
1740	2451
1740	2616
1740	1866
1740	2516
1740	2141
1743	2394
1743	1756
1743	2719
1745	2573
1746	1996
1747	2419
1747	1748
1748	2160
1748	2162
1748	2419
1748	2207
1749	2308
1749	1814
1749	2575
1751	2521
1751	1754
1753	2513
1754	2340
1754	2535
1754	1767
1754	2229
1754	2422
1754	1845
1754	1973
1755	2203
1755	2469
1755	1990
1755	2187
1755	2388
1756	1764
1756	1776
1756	2100
1756	2719
1757	2212
1757	2405
1757	2008
1758	1759
1759	1782
1759	1783
1761	1782
1762	1763
1762	1904
1762	1782
1764	2721
1764	1995
1764	2605
1764	1776
1764	2513
1764	2643
1764	2584
1764	1790
1765	1766
1765	2182
1765	1785
1766	2182
1767	1845
1768	1774
1768	1775
1769	2160
1769	2252
1770	1777
1771	1772
1771	1925
1772	2497
1772	1836
1772	2508
1772	1997
1774	1775
1776	1825
1776	1983
1777	2467
1777	2163
1777	2410
1779	2433
1779	2405
1779	2122
1779	2036
1779	2423
1780	2182
1780	2183
1782	1849
1784	2212
1784	1945
1786	2264
1786	1787
1787	2472
1787	2264
1789	1954
1789	1955
1789	1895
1789	2014
1789	2189
1789	2248
1789	2068
1789	2293
1789	2042
1789	1918
1790	2721
1790	2268
1790	2513
1791	2017
1792	2240
1792	2258
1792	2226
1792	2275
1792	2133
1792	2519
1794	1909
1795	2137
1796	2120
1796	1951
1797	1798
1797	1850
1799	1869
1800	1956
1800	2074
1802	2499
1803	2125
1804	1805
1806	1931
1806	1830
1809	2400
1809	2363
1811	2621
1812	1922
1813	2193
1814	1970
1814	2186
1816	2066
1817	2094
1817	1818
1817	1819
1818	2297
1818	2094
1818	1840
1818	1819
1819	2094
1820	2338
1820	1892
1821	2149
1822	2668
1822	2512
1822	2674
1822	2394
1824	2609
1825	1983
1826	1827
1828	2440
1828	2013
1828	2630
1829	2585
1830	2136
1831	2438
1831	1854
1832	2637
1833	2398
1834	2004
1835	2478
1835	2423
1836	2624
1836	2426
1836	2707
1837	2627
1837	2408
1837	2652
1837	2513
1837	1944
1837	2393
1837	2684
1839	2608
1839	2138
1839	2453
1839	1943
1840	2094
1840	2297
1841	2470
1842	1949
1843	2097
1845	2371
1845	2422
1845	1846
1845	1849
1846	2350
1847	2592
1847	2567
1847	2215
1847	2165
1847	1848
1848	2567
1848	2568
1848	2594
1848	2227
1848	2231
1848	2112
1848	2369
1848	2371
1848	2116
1848	2646
1848	2215
1848	2548
1848	2165
1849	1956
1849	2345
1849	2097
1849	2371
1849	2645
1849	2340
1849	2275
1849	2535
1849	2282
1849	2539
1849	2418
1849	2295
1850	2155
1851	1915
1852	1961
1855	2475
1857	2587
1858	2317
1858	2286
1859	2232
1859	1947
1859	2202
1859	1950
1860	2211
1860	2388
1860	2676
1861	2246
1863	2177
1863	1997
1863	2493
1866	2020
1866	2158
1867	2144
1867	2253
1867	2447
1868	2194
1868	1973
1868	2105
1869	2496
1869	2604
1869	2196
1869	2197
1869	2132
1871	2400
1872	2516
1872	2357
1872	2647
1873	2238
1873	1969
1873	2135
1873	2683
1877	1985
1878	2223
1878	2202
1878	2232
1878	1946
1880	1899
1880	1973
1881	2243
1881	1882
1881	2302
1882	2269
1882	2302
1882	2047
1883	2159
1884	1898
1891	2275
1891	2340
1891	2066
1891	2260
1891	2229
1891	2295
1892	2338
1892	2555
1893	2279
1893	2443
1893	2164
1893	2010
1894	2068
1894	2089
1894	1981
1895	2049
1895	2189
1895	2480
1895	2039
1895	2424
1895	2042
1895	1918
1896	2151
1896	1897
1896	2579
1897	2151
1899	2528
1899	2340
1899	1973
1899	2295
1900	2344
1900	1962
1900	1907
1900	2115
1900	2275
1900	2282
1900	2139
1900	2260
1902	1903
1902	2141
1903	2647
1903	2141
1904	2227
1904	2282
1904	2226
1904	2263
1904	2681
1904	2010
1906	2306
1906	2233
1907	2204
1907	2344
1907	1962
1907	2227
1907	2115
1907	2275
1907	2260
1908	2319
1909	2445
1911	2304
1911	2033
1911	2229
1912	2113
1912	2313
1912	2028
1914	2533
1915	1985
1915	2123
1916	2384
1916	2381
1918	2248
1918	2506
1918	2189
1918	2068
1918	2069
1918	2103
1918	2042
1918	2526
1919	2487
1920	2661
1920	2703
1920	2351
1920	2620
1921	2087
1921	2063
1921	2686
1922	2419
1928	2254
1930	1985
1930	2292
1930	2218
1931	2222
1931	1991
1932	2635
1932	2102
1937	2201
1937	2100
1938	2057
1942	2654
1942	1943
1943	2608
1943	2453
1943	2138
1943	2654
1946	2401
1946	2232
1946	2202
1948	1949
1949	1951
1952	1953
1952	2022
1954	2340
1954	1959
1954	1960
1954	1962
1954	2095
1954	2229
1954	2371
1954	2248
1954	2262
1954	1956
1954	2548
1954	2089
1955	2293
1955	2039
1955	2396
1956	2340
1956	1959
1956	2028
1956	2352
1956	2033
1956	2131
1958	2053
1958	2054
1958	1960
1958	2190
1959	2340
1959	2277
1959	2247
1959	2095
1959	2260
1959	2229
1959	2335
1961	1973
1961	2023
1962	2195
1962	2084
1962	2344
1962	2093
1962	2236
1962	2115
1962	2140
1962	2083
1962	2275
1962	2031
1962	2267
1962	2260
1962	2133
1963	2602
1963	2517
1965	2529
1965	2340
1965	2055
1965	2126
1965	2351
1965	2352
1965	2545
1965	2262
1965	2229
1967	2484
1969	2694
1969	2540
1969	2494
1969	2486
1969	2712
1972	2627
1972	2640
1972	2610
1972	2684
1972	2047
1973	2306
1973	2697
1973	2194
1973	2340
1973	2229
1973	2253
1973	2663
1976	1984
1976	1985
1976	2476
1976	1977
1977	1984
1977	2476
1978	2290
1978	2337
1981	2019
1983	2362
1984	1985
1984	2631
1984	2218
1984	2385
1984	2292
1984	2140
1985	2457
1985	2351
1985	2631
1985	2385
1985	2390
1985	2140
1985	2292
1985	2296
1986	2386
1987	2289
1988	2320
1988	2430
1989	1997
1989	1990
1990	1997
1990	2388
1990	2203
1991	2222
1991	2550
1993	1994
1994	2425
1994	2618
1995	2584
1995	2605
1996	2622
1997	2177
1997	2497
1997	2493
1999	2499
2000	2717
2002	2600
2002	2722
2004	2452
2006	2293
2008	2117
2008	2612
2009	2599
2009	2667
2009	2448
2009	2578
2010	2279
2010	2443
2011	2434
2011	2105
2011	2297
2012	2504
2013	2179
2013	2310
2013	2513
2013	2684
2013	2717
2014	2189
2014	2035
2014	2068
2015	2368
2015	2018
2015	2051
2015	2016
2015	2246
2015	2017
2015	2221
2015	2290
2015	2083
2015	2548
2015	2204
2016	2112
2016	2017
2016	2018
2017	2018
2017	2051
2017	2246
2017	2545
2017	2204
2018	2051
2018	2246
2018	2028
2018	2545
2018	2204
2020	2321
2020	2158
2020	2063
2021	2291
2021	2703
2021	2645
2023	2648
2023	2281
2023	2412
2023	2548
2024	2026
2024	2025
2025	2026
2027	2280
2027	2412
2027	2260
2027	2266
2027	2085
2028	2282
2028	2131
2028	2263
2029	2675
2029	2335
2030	2689
2030	2636
2030	2350
2030	2031
2030	2032
2030	2329
2030	2159
2031	2689
2031	2636
2031	2032
2031	2033
2031	2610
2031	2350
2031	2329
2031	2299
2031	2526
2032	2689
2032	2598
2032	2033
2032	2636
2032	2350
2032	2262
2032	2329
2032	2396
2033	2689
2033	2350
2033	2340
2033	2526
2034	2082
2036	2037
2036	2038
2037	2038
2038	2513
2038	2659
2039	2092
2039	2424
2039	2041
2039	2042
2041	2424
2041	2042
2041	2293
2042	2480
2042	2068
2042	2526
2042	2424
2043	2456
2046	2704
2046	2078
2047	2243
2047	2626
2047	2103
2047	2610
2047	2479
2047	2640
2047	2706
2047	2269
2048	2049
2049	2252
2049	2333
2049	2458
2049	2174
2051	2246
2053	2352
2053	2080
2053	2221
2053	2190
2053	2084
2053	2054
2053	2335
2054	2080
2054	2084
2054	2190
2055	2276
2055	2255
2058	2062
2058	2204
2058	2221
2058	2229
2058	2236
2058	2368
2058	2246
2058	2381
2058	2273
2058	2669
2058	2545
2058	2558
2060	2067
2060	2086
2060	2090
2060	2348
2061	2293
2065	2598
2065	2199
2066	2260
2067	2086
2067	2376
2067	2348
2067	2269
2068	2191
2068	2069
2068	2353
2068	2526
2068	2248
2068	2506
2068	2253
2068	2400
2068	2282
2069	2400
2069	2248
2069	2282
2069	2526
2069	2506
2070	2268
2071	2210
2071	2437
2071	2666
2071	2256
2071	2647
2071	2651
2074	2661
2074	2345
2074	2351
2077	2371
2077	2248
2077	2225
2077	2548
2078	2704
2078	2459
2080	2084
2080	2190
2081	2690
2081	2675
2082	2698
2082	2087
2083	2368
2083	2598
2083	2236
2083	2287
2083	2263
2084	2190
2084	2133
2085	2323
2085	2086
2086	2092
2086	2282
2086	2091
2086	2348
2086	2352
2086	2185
2087	2698
2089	2321
2089	2130
2091	2130
2091	2092
2092	2130
2095	2528
2095	2340
2095	2096
2095	2229
2098	2185
2098	2186
2099	2483
2099	2523
2100	2405
2103	2479
2103	2610
2104	2119
2105	2360
2105	2493
2108	2122
2109	2233
2111	2243
2111	2189
2112	2594
2112	2165
2113	2313
2113	2282
2115	2519
2115	2344
2115	2226
2115	2358
2115	2240
2115	2116
2115	2247
2115	2258
2115	2263
2115	2275
2115	2260
2116	2369
2116	2231
2116	2640
2116	2165
2116	2422
2117	2612
2122	2423
2123	2150
2124	2125
2126	2246
2126	2669
2126	2193
2126	2262
2129	2293
2131	2352
2131	2282
2132	2604
2132	2196
2133	2240
2133	2258
2133	2226
2136	2153
2138	2186
2138	2608
2138	2453
2139	2188
2139	2519
2140	2631
2140	2385
2140	2292
2140	2218
2141	2451
2141	2616
2142	2626
2144	2447
2144	2580
2147	2564
2150	2362
2150	2151
2151	2362
2154	2417
2154	2255
2154	2161
2155	2178
2157	2452
2158	2321
2159	2314
2159	2329
2161	2255
2162	2216
2162	2261
2164	2339
2164	2412
2164	2260
2165	2567
2165	2594
2165	2227
2165	2228
2165	2231
2165	2369
2165	2371
2165	2646
2165	2215
2165	2548
2167	2503
2167	2344
2167	2259
2167	2168
2172	2433
2172	2405
2172	2271
2174	2333
2174	2527
2179	2310
2179	2717
2179	2513
2181	2478
2181	2510
2182	2274
2182	2183
2183	2617
2184	2285
2185	2282
2185	2352
2187	2469
2187	2676
2187	2388
2188	2519
2191	2526
2194	2351
2195	2536
2196	2496
2196	2604
2196	2197
2197	2604
2198	2499
2199	2598
2199	2481
2199	2355
2201	2589
2202	2694
2202	2223
2202	2232
2203	2580
2203	2493
2203	2388
2203	2281
2204	2442
2204	2669
2204	2545
2204	2675
2204	2335
2205	2576
2210	2568
2211	2508
2212	2405
2212	2251
2214	2351
2215	2594
2215	2371
2216	2261
2217	2587
2218	2631
2218	2292
2221	2368
2221	2706
2221	2335
2221	2352
2221	2229
2221	2619
2221	2256
2221	2645
2221	2703
2221	2529
2221	2399
2224	2368
2224	2341
2224	2312
2224	2322
2224	2548
2224	2358
2224	2489
2224	2239
2224	2367
2225	2371
2225	2227
2225	2535
2225	2312
2225	2248
2225	2548
2225	2358
2226	2358
2226	2240
2226	2258
2226	2339
2226	2263
2226	2681
2227	2259
2227	2369
2227	2567
2227	2418
2227	2228
2227	2548
2228	2369
2228	2277
2228	2259
2228	2323
2228	2256
2229	2340
2229	2344
2229	2529
2229	2295
2229	2275
2229	2399
2229	2528
2229	2663
2229	2515
2229	2558
2230	2280
2230	2322
2230	2260
2231	2594
2231	2389
2231	2646
2234	2280
2234	2257
2234	2322
2234	2260
2234	2247
2235	2560
2235	2651
2236	2636
2238	2436
2238	2683
2239	2280
2239	2412
2239	2258
2239	2260
2239	2489
2240	2258
2240	2519
2243	2269
2243	2302
2246	2368
2246	2545
2246	2567
2246	2669
2246	2646
2246	2511
2247	2277
2247	2699
2247	2322
2247	2260
2248	2472
2248	2526
2248	2400
2248	2281
2248	2548
2250	2417
2250	2283
2252	2458
2253	2282
2253	2697
2256	2304
2256	2571
2256	2666
2256	2647
2256	2399
2257	2280
2257	2647
2257	2260
2258	2519
2258	2275
2259	2369
2259	2344
2260	2529
2260	2581
2260	2548
2260	2341
2260	2344
2260	2489
2260	2372
2260	2647
2260	2596
2260	2277
2260	2275
2260	2280
2260	2412
2260	2322
2260	2602
2262	2340
2262	2396
2263	2358
2263	2287
2263	2344
2263	2681
2264	2472
2269	2610
2271	2433
2272	2387
2273	2669
2274	2626
2275	2309
2275	2340
2275	2344
2275	2615
2275	2354
2275	2282
2275	2293
2275	2295
2275	2389
2276	2675
2277	2280
2279	2443
2279	2287
2279	2396
2280	2412
2280	2322
2280	2581
2280	2647
2281	2370
2282	2309
2282	2352
2282	2615
2282	2371
2282	2644
2283	2308
2283	2294
2284	2577
2285	2351
2286	2636
2286	2478
2286	2640
2286	2510
2286	2423
2287	2644
2289	2337
2289	2615
2290	2337
2290	2615
2290	2618
2291	2576
2291	2588
2292	2631
2292	2351
2293	2354
2293	2389
2295	2340
2295	2528
2295	2422
2296	2390
2296	2340
2296	2535
2296	2661
2296	2351
2296	2640
2296	2557
2296	2303
2299	2641
2301	2400
2303	2340
2303	2535
2303	2351
2303	2640
2304	2661
2304	2442
2304	2335
2304	2495
2306	2697
2306	2360
2306	2457
2307	2351
2308	2575
2309	2371
2310	2487
2310	2717
2310	2513
2310	2691
2311	2314
2312	2368
2312	2349
2312	2548
2312	2358
2313	2531
2313	2351
2313	2640
2313	2518
2313	2457
2314	2329
2318	2391
2319	2639
2319	2613
2322	2372
2322	2341
2322	2344
2325	2688
2325	2612
2329	2689
2329	2636
2329	2350
2335	2352
2335	2675
2335	2661
2337	2615
2340	2344
2340	2515
2340	2528
2340	2529
2340	2535
2340	2422
2340	2558
2341	2368
2346	2360
2349	2416
2350	2689
2350	2480
2351	2457
2351	2390
2351	2661
2351	2529
2351	2531
2353	2400
2354	2389
2357	2516
2357	2647
2358	2535
2358	2367
2359	2617
2364	2552
2364	2539
2368	2545
2369	2422
2371	2548
2372	2412
2373	2642
2377	2525
2378	2401
2379	2703
2380	2701
2381	2384
2388	2469
2388	2676
2391	2413
2393	2590
2393	2454
2394	2668
2394	2512
2395	2583
2395	2405
2397	2709
2405	2433
2405	2439
2405	2537
2405	2423
2407	2627
2407	2628
2407	2569
2408	2414
2408	2453
2410	2507
2410	2707
2412	2581
2414	2453
2416	2498
2416	2500
2416	2472
2418	2519
2422	2472
2422	2581
2423	2433
2424	2480
2426	2624
2426	2488
2426	2707
2426	2446
2431	2665
2432	2509
2433	2439
2434	2587
2437	2666
2442	2571
2442	2495
2446	2488
2448	2599
2448	2667
2448	2671
2448	2578
2448	2623
2449	2511
2451	2616
2453	2608
2457	2529
2457	2518
2462	2468
2465	2671
2469	2676
2472	2500
2476	2579
2478	2636
2478	2510
2478	2639
2479	2704
2480	2526
2481	2598
2481	2516
2483	2523
2486	2540
2488	2605
2491	2570
2494	2712
2496	2602
2496	2604
2498	2500
2502	2551
2503	2562
2511	2598
2511	2545
2511	2669
2511	2515
2512	2668
2512	2674
2513	2721
2513	2659
2513	2627
2513	2579
2513	2684
2513	2717
2515	2669
2515	2640
2515	2545
2517	2602
2526	2689
2529	2545
2532	2574
2532	2581
2545	2571
2545	2669
2549	2652
2563	2627
2563	2643
2565	2628
2567	2592
2567	2646
2576	2645
2578	2599
2578	2667
2584	2605
2587	2640
2591	2635
2592	2613
2596	2602
2599	2667
2599	2671
2600	2695
2602	2650
2610	2689
2610	2640
2612	2643
2613	2639
2623	2671
2624	2643
2624	2717
2627	2628
2627	2672
2627	2643
2627	2684
2627	2653
2628	2652
2628	2672
2628	2684
2636	2689
2645	2703
2652	2665
2652	2671
2652	2684
2653	2672
2653	2684
2657	2694
2661	2703
2668	2674
2703	2706
